010210120210201021012021201021012102120102101202102012021201021012021020102120210201210212
010210120210201021012021201210201202101210212012102012021012010201210120102120210201210212
010210120210201202101201021012021020121021201021012010201210212010210121020120210201210212
010210120210201202101201021201210212021012010212012101202102012102120121020120210201210212
-
010210120210201202101210212010210120212012102120102101202102012102120121020120210201210212
010210120210201021012021201021012102120102101202102012021201021012021020102120210201210212
010210120210201210212012101201021012021020121012010210120212010210121020102120210201210212
010210120210201202101201021012021020121012010212012102010210120102120121020120210201210212
-
010210120210201202101210212010210120212012102120102101202102012102120121020120210201210212
010210120210201021012021201210201202101210212012102012021012010201210120102120210201210212
010210120210201202101201021012021020121021201021012010201210212010210121020120210201210212
010210120210201210212012101201021012021020121012010210120212010210121020102120210201210212
-
010210120210201202101210212010210120212012102120102101202102012102120121020120210201210212
010210120210201021012021201210201202101210212012102012021012010201210120102120210201210212
010210120210201202101201021012021020121021201021012010201210212010210121020120210201210212
010210120210201202101201021201210212021012010212012101202102012102120121020120210201210212
-
010210120210201021201210120212012102012021012010210121020120210120102012102120210201210212
010210120210201202101201021201210212021012010212012101202102012102120121020120210201210212
010210120210201021202102012102120102012021020121021201021012102120102012102120210201210212
010210120210201202101201021012021020121012010212012102010210120102120121020120210201210212
-
010210120210201021201210120212012102012021012010210121020120210120102012102120210201210212
010210120210201021202102012102120102012021020121021201021012102120102012102120210201210212
010210120210201210212012101201021012021020121012010210120212010210121020102120210201210212
010210120210201202101201021012021020121012010212012102010210120102120121020120210201210212
-
010210120210201021201210120212012102012021012010210121020120210120102012102120210201210212
010210120210201202101210212010210120212012102120102101202102012102120121020120210201210212
010210120210201202101201021012021020121021201021012010201210212010210121020120210201210212
010210120210201202101201021201210212021012010212012101202102012102120121020120210201210212
-
010210120210201021201210120212012102012021012010210121020120210120102012102120210201210212
010210120210201202101210212010210120212012102120102101202102012102120121020120210201210212
010210120210201021012021201210201202101210212012102012021012010201210120102120210201210212
010210120210201021202101210212010201210212012101202102012102120121012010210120210201210212
-
010210120210201021201210120212012102012021012010210121020120210120102012102120210201210212
010210120210201021012021201021012102120102101202102012021201021012021020102120210201210212
010210120210201021202101210212010201210212012101202102012102120121012010210120210201210212
010210120210201202101201021201210212021012010212012101202102012102120121020120210201210212
-
010210120210201021201210120212012102012021012010210121020120210120102012102120210201210212
010210120210201202101210212010210120212012102120102101202102012102120121020120210201210212
010210120210201210212021012102010210120212010210120102012102120102101201020120210201210212
010210120210201202101201021012021020121021201021012010201210212010210121020120210201210212
-
010210120210201021201210120212012102012021012010210121020120210120102012102120210201210212
010210120210201202101210212010210120212012102120102101202102012102120121020120210201210212
010210120210201210212021012102010210120212010210120102012102120102101201020120210201210212
010210120210201021012021201210201202101210212012102012021012010201210120102120210201210212
-
010210120210201202120121021201021012021201210212010201210212021012102010210120210201210212
010210120210201021201210120212012102012021012010210121020120210120102012102120210201210212
010210120210201202101210212010210120212012102120102101202102012102120121020120210201210212
010210120210201202101201021201210212021012010212012101202102012102120121020120210201210212
-
010210120210201210212021012102010210120212010210120102012102120102101201020120210201210212
010210120210201021012021201021012102120102101202102012021201021012021020102120210201210212
010210120210201210212012101201021012021020121012010210120212010210121020102120210201210212
010210120210201202101201021012021020121012010212012102010210120102120121020120210201210212
-
010210120210201202120121021201021012021201210212010201210212021012102010210120210201210212
010210120210201021202101210212010201210212012101202102012102120121012010210120210201210212
010210120210201202101201021201210212021012010212012101202102012102120121020120210201210212
010210120210201202101201021012021020121012010212012102010210120102120121020120210201210212
-
010210120210201021201210120212012102012021012010210121020120210120102012102120210201210212
010210120210201210212021012102010210120212010210120102012102120102101201020120210201210212
010210120210201202101201021012021020121021201021012010201210212010210121020120210201210212
010210120210201202101201021012021020121012010212012102010210120102120121020120210201210212
-
010210120210201210212021012102010210120212010210120102012102120102101201020120210201210212
010210120210201202101201021012021020121021201021012010201210212010210121020120210201210212
010210120210201202101201021201210212021012010212012101202102012102120121020120210201210212
010210120210201210212012101201021012021020121012010210120212010210121020102120210201210212
-
010210120210201021012021201210201202101210212012102012021012010201210120102120210201210212
010210120210201202101201021012021020121021201021012010201210212010210121020120210201210212
010210120210201202101201021201210212021012010212012101202102012102120121020120210201210212
010210120210201210212012101201021012021020121012010210120212010210121020102120210201210212
-
010210120210201021201210120212012102012021012010210121020120210120102012102120210201210212
010210120210201021012021201210201202101210212012102012021012010201210120102120210201210212
010210120210201021202101210212010201210212012101202102012102120121012010210120210201210212
010210120210201202101201021201210212021012010212012101202102012102120121020120210201210212
-
010210120210201021201210120212012102012021012010210121020120210120102012102120210201210212
010210120210201202101210212010210120212012102120102101202102012102120121020120210201210212
010210120210201021202101210212010201210212012101202102012102120121012010210120210201210212
010210120210201202101201021201210212021012010212012101202102012102120121020120210201210212
-
010210120210201202101210212010210120212012102120102101202102012102120121020120210201210212
010210120210201021012021201021012102120102101202102012021201021012021020102120210201210212
010210120210201021202101210212010201210212012101202102012102120121012010210120210201210212
010210120210201202101201021201210212021012010212012101202102012102120121020120210201210212
-
010210120210201021201210120212012102012021012010210121020120210120102012102120210201210212
010210120210201202101210212010210120212012102120102101202102012102120121020120210201210212
010210120210201021012021201210201202101210212012102012021012010201210120102120210201210212
010210120210201202101201021201210212021012010212012101202102012102120121020120210201210212
-
010210120210201021201210120212012102012021012010210121020120210120102012102120210201210212
010210120210201202101201021201210212021012010212012101202102012102120121020120210201210212
010210120210201021202102012102120102012021020121021201021012102120102012102120210201210212
010210120210201210212012101201021012021020121012010210120212010210121020102120210201210212
-
010210120210201202120121021201021012021201210212010201210212021012102010210120210201210212
010210120210201021012021201210201202101210212012102012021012010201210120102120210201210212
010210120210201202101201021012021020121021201021012010201210212010210121020120210201210212
010210120210201021202101210212010201210212012101202102012102120121012010210120210201210212
-
010210120210201021201210120212012102012021012010210121020120210120102012102120210201210212
010210120210201021202101210212010201210212012101202102012102120121012010210120210201210212
010210120210201202101201021201210212021012010212012101202102012102120121020120210201210212
010210120210201202101201021012021020121012010212012102010210120102120121020120210201210212
-
010210120210201021012021201021012102120102101202102012021201021012021020102120210201210212
010210120210201202101201021012021020121021201021012010201210212010210121020120210201210212
010210120210201210212012101201021012021020121012010210120212010210121020102120210201210212
010210120210201202101201021012021020121012010212012102010210120102120121020120210201210212
-
010210120210201202120121021201021012021201210212010201210212021012102010210120210201210212
010210120210201021012021201021012102120102101202102012021201021012021020102120210201210212
010210120210201021012021201210201202101210212012102012021012010201210120102120210201210212
010210120210201202101201021012021020121012010212012102010210120102120121020120210201210212
-
010210120210201202120121021201021012021201210212010201210212021012102010210120210201210212
010210120210201021201210120212012102012021012010210121020120210120102012102120210201210212
010210120210201021012021201021012102120102101202102012021201021012021020102120210201210212
010210120210201202101201021012021020121012010212012102010210120102120121020120210201210212
-
010210120210201021201210120212012102012021012010210121020120210120102012102120210201210212
010210120210201202101210212010210120212012102120102101202102012102120121020120210201210212
010210120210201021202101210212010201210212012101202102012102120121012010210120210201210212
010210120210201202101201021012021020121012010212012102010210120102120121020120210201210212
-
010210120210201021201210120212012102012021012010210121020120210120102012102120210201210212
010210120210201202101210212010210120212012102120102101202102012102120121020120210201210212
010210120210201021012021201021012102120102101202102012021201021012021020102120210201210212
010210120210201210212012101201021012021020121012010210120212010210121020102120210201210212
-
010210120210201202120121021201021012021201210212010201210212021012102010210120210201210212
010210120210201202101201021012021020121021201021012010201210212010210121020120210201210212
010210120210201021202101210212010201210212012101202102012102120121012010210120210201210212
010210120210201021202102012102120102012021020121021201021012102120102012102120210201210212
-
010210120210201021201210120212012102012021012010210121020120210120102012102120210201210212
010210120210201210212021012102010210120212010210120102012102120102101201020120210201210212
010210120210201021202102012102120102012021020121021201021012102120102012102120210201210212
010210120210201210212012101201021012021020121012010210120212010210121020102120210201210212
-
010210120210201021201210120212012102012021012010210121020120210120102012102120210201210212
010210120210201210212021012102010210120212010210120102012102120102101201020120210201210212
010210120210201021012021201210201202101210212012102012021012010201210120102120210201210212
010210120210201202101201021201210212021012010212012101202102012102120121020120210201210212
-
010210120210201210212021012102010210120212010210120102012102120102101201020120210201210212
010210120210201202101201021012021020121021201021012010201210212010210121020120210201210212
010210120210201202101201021201210212021012010212012101202102012102120121020120210201210212
010210120210201021202102012102120102012021020121021201021012102120102012102120210201210212
-
010210120210201202101201021012021020121021201021012010201210212010210121020120210201210212
010210120210201021202101210212010201210212012101202102012102120121012010210120210201210212
010210120210201202101201021201210212021012010212012101202102012102120121020120210201210212
010210120210201202101201021012021020121012010212012102010210120102120121020120210201210212
-
010210120210201021201210120212012102012021012010210121020120210120102012102120210201210212
010210120210201202101210212010210120212012102120102101202102012102120121020120210201210212
010210120210201210212021012102010210120212010210120102012102120102101201020120210201210212
010210120210201210212012101201021012021020121012010210120212010210121020102120210201210212
-
010210120210201202101210212010210120212012102120102101202102012102120121020120210201210212
010210120210201021012021201210201202101210212012102012021012010201210120102120210201210212
010210120210201021202102012102120102012021020121021201021012102120102012102120210201210212
010210120210201210212012101201021012021020121012010210120212010210121020102120210201210212
-
010210120210201202120121021201021012021201210212010201210212021012102010210120210201210212
010210120210201021201210120212012102012021012010210121020120210120102012102120210201210212
010210120210201021012021201021012102120102101202102012021201021012021020102120210201210212
010210120210201021202101210212010201210212012101202102012102120121012010210120210201210212
-
010210120210201202101210212010210120212012102120102101202102012102120121020120210201210212
010210120210201021012021201021012102120102101202102012021201021012021020102120210201210212
010210120210201202101201021012021020121021201021012010201210212010210121020120210201210212
010210120210201202101201021012021020121012010212012102010210120102120121020120210201210212
-
010210120210201021201210120212012102012021012010210121020120210120102012102120210201210212
010210120210201202101201021012021020121021201021012010201210212010210121020120210201210212
010210120210201202101201021201210212021012010212012101202102012102120121020120210201210212
010210120210201202101201021012021020121012010212012102010210120102120121020120210201210212
-
010210120210201202120121021201021012021201210212010201210212021012102010210120210201210212
010210120210201021201210120212012102012021012010210121020120210120102012102120210201210212
010210120210201021012021201210201202101210212012102012021012010201210120102120210201210212
010210120210201021202102012102120102012021020121021201021012102120102012102120210201210212
-
010210120210201021201210120212012102012021012010210121020120210120102012102120210201210212
010210120210201202101210212010210120212012102120102101202102012102120121020120210201210212
010210120210201021012021201021012102120102101202102012021201021012021020102120210201210212
010210120210201021202101210212010201210212012101202102012102120121012010210120210201210212
-
