0102101202102010210120212010210120102012102120102101201020120210201021201020120210201210212
0102101202102010212021020121021201021012021020120212010210120210201021201020120210201210212
0102101202102010212021020121021201021012010201210212010210121020121012010210120210201210212
0102101202102010212012102012021201020120210120102120121021202101201021201210120210201210212
-
0102101202102010210120212012102120210120212012101201021012102120121012010210120210201210212
0102101202102010212021012102120102012021012010212021020120210120102120121020120210201210212
0102101202102010212021020121012021020120210120102120121021202101201021201210120210201210212
0102101202102012021201021202101201020120210120102120121021202101201021201210120210201210212
-
0102101202102012102120210121021201021012021020120212010210120210201021201020120210201210212
0102101202102010212012101202120121020120210120102120121021202101201021201210120210201210212
0102101202102010212021020121012021020120210120102120121021202101201021201210120210201210212
0102101202102012021201021202101201020120210120102120121021202101201021201210120210201210212
-
0102101202102010212021012102120102101202102012021201021012021020102120121020120210201210212
0102101202102010210120212012102120210120212012101201021012102120121012010210120210201210212
0102101202102010210120102012021012010212012102120210120102120121012021020102120210201210212
0102101202102012021012010212012102120210120102120121012021201021012021020102120210201210212
-
0102101202102012021201021202102012021201210212010210120212012102120102012102120210201210212
0102101202102010210120102012021012010212012102120210120102120121012021020102120210201210212
0102101202102012021012010212012102120210120102120121012021201021012102010210120210201210212
0102101202102012021201021202101201020120210120102120121021202101201021201210120210201210212
-
0102101202102010210120212010210120102012102120102101201020120210201021201020120210201210212
0102101202102010212012101202120121020120210120102120121021202101201021201210120210201210212
0102101202102012021012102012021201020120210120102120121021202101201021201210120210201210212
0102101202102012021012010212012102120210120102120121012021201021012021020102120210201210212
-
0102101202102010212021012102120102012021012010212021020120210120102120121020120210201210212
0102101202102010210120102012021012010212012102120210120102120121012021020102120210201210212
0102101202102010212012102012021201020120210120102120121021202101201021201210120210201210212
0102101202102012021012010212012102120210120102120121012021201021012021020102120210201210212
-
0102101202102010210120212012102120210120212012101201021012102120121012010210120210201210212
0102101202102010212021012102120102012021012010212021020120210120102120121020120210201210212
0102101202102012021012010212012102120210120102120121012021201020120210120102120210201210212
0102101202102012021012010212012102120210120102120121012021201021012021020102120210201210212
-
0102101202102010210120212012102120210120212012101201021012102120121012010210120210201210212
0102101202102010212021012102120102012021012010212021020120210120102120121020120210201210212
0102101202102010212021020121021201020120210120102120121021202101201021201210120210201210212
0102101202102012021012010212012102120210120102120121012021201020120210120102120210201210212
-
0102101202102010210120212010212021020120210120102120121021202101201021201210120210201210212
0102101202102010212012102012021201020120210120102120121021202101201021201210120210201210212
0102101202102012021012010212012102120210120102120121012021201020120210120102120210201210212
0102101202102012021012010212012102120210120102120121012021201021012021020102120210201210212
-
0102101202102012021201021202102012021201210212010210120212012102120102012102120210201210212
0102101202102010210120212012102120210120212012101201021012102120121012010210120210201210212
0102101202102010210120102012021012010212012102120210120102120121012021020102120210201210212
0102101202102010212021012102120121020120210120102120121021202101201021201210120210201210212
-
0102101202102010210120212010210120102012102120102101201020120210201021201020120210201210212
0102101202102010212021012102120102101202102012021201021012021020102120121020120210201210212
0102101202102010212021012102120102012021012010212021020120210120102120121020120210201210212
0102101202102010212021012102120121020120210120102120121021202101201021201210120210201210212
-
0102101202102012102120210121021201021012021020120212010210120210201021201020120210201210212
0102101202102010212021012102120121020120210120102120121021202101201021201210120210201210212
0102101202102010212021020121021201020120210120102120121021202101201021201210120210201210212
0102101202102012021201021202101201020120210120102120121021202101201021201210120210201210212
-
0102101202102012102120210121021201021012021020120212010210120210201021201020120210201210212
0102101202102010212021012102120121020120210120102120121021202101201021201210120210201210212
0102101202102010212021020121021201020120210120102120121021202101201021201210120210201210212
0102101202102012021012102012021201020120210120102120121021202101201021201210120210201210212
-
0102101202102010210120212010210120102012102120102101201020120210201021201020120210201210212
0102101202102010212012102012021201020120210120102120121021202101201021201210120210201210212
0102101202102010212021012102120121020120210120102120121021202101201021201210120210201210212
0102101202102012021201021202101201020120210120102120121021202101201021201210120210201210212
-
0102101202102010212021012102120102101202102012021201021012021020102120121020120210201210212
0102101202102010212012102012021201020120210120102120121021202101201021201210120210201210212
0102101202102012021012010212012102120210120102120121012021201020120210120102120210201210212
0102101202102012021201021202101201020120210120102120121021202101201021201210120210201210212
-
0102101202102012102120210121021201021012021020120212010210120210201021201020120210201210212
0102101202102010212012101202120121020120210120102120121021202101201021201210120210201210212
0102101202102010212021020121021201020120210120102120121021202101201021201210120210201210212
0102101202102012021012010212012102120210120102120121012021201020120210120102120210201210212
-
0102101202102012021201021202102012021201210212010210120212012102120102012102120210201210212
0102101202102010212021020121012021201210201202101210212012102012021012010210120210201210212
0102101202102010212021012102120102012021012010212021020120210120102120121020120210201210212
0102101202102012021012102012021201020120210120102120121021202101201021201210120210201210212
-
0102101202102010212012101202120121020120210120102120121021202101201021201210120210201210212
0102101202102012021012102012021201020120210120102120121021202101201021201210120210201210212
0102101202102012021012010212012102120210120102120121012021201021012021020102120210201210212
0102101202102012021201021202101201020120210120102120121021202101201021201210120210201210212
-
0102101202102010212021012102120102101202102012021201021012021020102120121020120210201210212
0102101202102012021012102012021201020120210120102120121021202101201021201210120210201210212
0102101202102012021012010212012102120210120102120121012021201020120210120102120210201210212
0102101202102012021012010212012102120210120102120121012021201021012021020102120210201210212
-
0102101202102010210120212010210120102012102120102101201020120210201021201020120210201210212
0102101202102012102120210121021201021012021020120212010210120210201021201020120210201210212
0102101202102010212012101202120121020120210120102120121021202101201021201210120210201210212
0102101202102012021012010212012102120210120102120121012021201020120210120102120210201210212
-
0102101202102010212021020121021201021012021020120212010210120210201021201020120210201210212
0102101202102010212021020121021201021012010201210212010210121020121012010210120210201210212
0102101202102012021012010212012102120210120102120121012021201021012102010210120210201210212
0102101202102012021201021202101201020120210120102120121021202101201021201210120210201210212
-
0102101202102010210120212010210120102012102120102101201020120210201021201020120210201210212
0102101202102010212021020121021201021012021020120212010210120210201021201020120210201210212
0102101202102010212021012102120102012021012010212021020120210120102120121020120210201210212
0102101202102010212021020121021201020120210120102120121021202101201021201210120210201210212
-
0102101202102010212021012102120102101202102012021201021012021020102120121020120210201210212
0102101202102010212021012102120102012021012010212021020120210120102120121020120210201210212
0102101202102012021012010212012102120210120102120121012021201021012021020102120210201210212
0102101202102012021012010212012102120210120102120121012021201021012102010210120210201210212
-
0102101202102010212021020121012021201210201202101210212012102012021012010210120210201210212
0102101202102010212021020121021201021012010201210212010210121020121012010210120210201210212
0102101202102010212012102012021201020120210120102120121021202101201021201210120210201210212
0102101202102010212021012102120121020120210120102120121021202101201021201210120210201210212
-
0102101202102010210120212012102120210120212012101201021012102120121012010210120210201210212
0102101202102010212021012102120102012021012010212021020120210120102120121020120210201210212
0102101202102010212021020121021201021012010201210212010210121020121012010210120210201210212
0102101202102012021201021202101201020120210120102120121021202101201021201210120210201210212
-
0102101202102010212021012102120102101202102012021201021012021020102120121020120210201210212
0102101202102012102120210121021201021012021020120212010210120210201021201020120210201210212
0102101202102010210120102012021012010212012102120210120102120121012021020102120210201210212
0102101202102010212012102012021201020120210120102120121021202101201021201210120210201210212
-
0102101202102010210120212010210120102012102120102101201020120210201021201020120210201210212
0102101202102012102120210121021201021012021020120212010210120210201021201020120210201210212
0102101202102010210120212010212021020120210120102120121021202101201021201210120210201210212
0102101202102012021012010212012102120210120102120121012021201020120210120102120210201210212
-
0102101202102010210120212010210120102012102120102101201020120210201021201020120210201210212
0102101202102010212012101202120121020120210120102120121021202101201021201210120210201210212
0102101202102010212021012102120121020120210120102120121021202101201021201210120210201210212
0102101202102012021012010212012102120210120102120121012021201021012021020102120210201210212
-
0102101202102012021201021202102012021201210212010210120212012102120102012102120210201210212
0102101202102012102120210121021201021012021020120212010210120210201021201020120210201210212
0102101202102010212021020121021201020120210120102120121021202101201021201210120210201210212
0102101202102012021012010212012102120210120102120121012021201020120210120102120210201210212
-
0102101202102010210120212010210120102012102120102101201020120210201021201020120210201210212
0102101202102010210120212012102120210120212012101201021012102120121012010210120210201210212
0102101202102010212012102012021201020120210120102120121021202101201021201210120210201210212
0102101202102012021012010212012102120210120102120121012021201021012102010210120210201210212
-
0102101202102010210120212010210120102012102120102101201020120210201021201020120210201210212
0102101202102012102120210121021201021012021020120212010210120210201021201020120210201210212
0102101202102010210120102012021012010212012102120210120102120121012021020102120210201210212
0102101202102010212021020121012021020120210120102120121021202101201021201210120210201210212
-
0102101202102010210120212010210120102012102120102101201020120210201021201020120210201210212
0102101202102010210120212012102120210120212012101201021012102120121012010210120210201210212
0102101202102010212021020121012021020120210120102120121021202101201021201210120210201210212
0102101202102012021012010212012102120210120102120121012021201021012102010210120210201210212
-
0102101202102010212021020121021201021012021020120212010210120210201021201020120210201210212
0102101202102010212021020121012021201210201202101210212012102012021012010210120210201210212
0102101202102010212021012102120121020120210120102120121021202101201021201210120210201210212
0102101202102012021201021202101201020120210120102120121021202101201021201210120210201210212
-
0102101202102010210120212012102120210120212012101201021012102120121012010210120210201210212
0102101202102010210120102012021012010212012102120210120102120121012021020102120210201210212
0102101202102010212021012102120121020120210120102120121021202101201021201210120210201210212
0102101202102012021012102012021201020120210120102120121021202101201021201210120210201210212
-
0102101202102010212021020121021201021012010201210212010210121020121012010210120210201210212
0102101202102010210120212010212021020120210120102120121021202101201021201210120210201210212
0102101202102010212012102012021201020120210120102120121021202101201021201210120210201210212
0102101202102012021201021202101201020120210120102120121021202101201021201210120210201210212
-
0102101202102010210120102012021012010212012102120210120102120121012021020102120210201210212
0102101202102010212021012102120121020120210120102120121021202101201021201210120210201210212
0102101202102012021012102012021201020120210120102120121021202101201021201210120210201210212
0102101202102012021201021202101201020120210120102120121021202101201021201210120210201210212
-
0102101202102010210120212012102120210120212012101201021012102120121012010210120210201210212
0102101202102010212021020121021201020120210120102120121021202101201021201210120210201210212
0102101202102012021012102012021201020120210120102120121021202101201021201210120210201210212
0102101202102012021012010212012102120210120102120121012021201021012102010210120210201210212
-
0102101202102012102120121020120210120102101210201202101201020121012021020102120210201210212
0102101202102012102120121012010210121021201210120102012102010210120102012102120210201210212
0102101202102010210120212010210120102012102120102101201020120210201021201020120210201210212
0102101202102012021012010212012102120210120102120121012021201020120210120102120210201210212
-
0102101202102012021201021202102012021201210212010210120212012102120102012102120210201210212
0102101202102010210120212010212021020120210120102120121021202101201021201210120210201210212
0102101202102010212012101202120121020120210120102120121021202101201021201210120210201210212
0102101202102010212021012102120121020120210120102120121021202101201021201210120210201210212
-
0102101202102010210120212012102120210120212012101201021012102120121012010210120210201210212
0102101202102010212021012102120102012021012010212021020120210120102120121020120210201210212
0102101202102010210120102012021012010212012102120210120102120121012021020102120210201210212
0102101202102012021012010212012102120210120102120121012021201021012021020102120210201210212
-
