0102101202102010212021012102010210121021201021012010212012102120102101201020120210201210212
0102101202102012021201210212010210120102120121021201021012102120210121020102120210201210212
0102101202102010210120102012021012010210120210201202101201021012102120121020120210201210212
0102101202102012021201210212021020121021201210201202102012102120121012010210120210201210212
-
0102101202102010212021012102010210121021201021012010212012102120102101201020120210201210212
0102101202102012021201210212010210120102120121021201021012102012021012010210120210201210212
0102101202102012021201210212010210120102120121021201021012102120210121020102120210201210212
0102101202102010210120102012021012010210120210201202101201021012102120121020120210201210212
-
0102101202102010212021012102010210121021201021012010212012102120102101201020120210201210212
0102101202102012021201210212010210120102120121021201021012102012021012010210120210201210212
0102101202102012021201210212010210120102120121021201021012102120121012010210120210201210212
0102101202102010210120102012021012010210120210201202101201021012102120121020120210201210212
-
0102101202102012102120121020120210121021201021012010212012102120102101201020120210201210212
0102101202102012021012010210121021201210201202102012102120121020120212012102120210201210212
0102101202102012021201210212010210120102120121021201021012102120210121020102120210201210212
0102101202102012102120121012010210120210201202101201021012021020102101201020120210201210212
-
0102101202102010212021012102010210121021201021012010212012102120102101201020120210201210212
0102101202102012021012010210121021201210201202102012102120121020120212012102120210201210212
0102101202102012021201210212010210120102120121021201021012102120121012010210120210201210212
0102101202102012021201210212010210120102120121021201021012102120210121020102120210201210212
-
0102101202102010212021012102010210121021201021012010212012102120102101201020120210201210212
0102101202102012102120121020120210121021201021012010212012102120102101201020120210201210212
0102101202102012021012010210121021201210201202102012102120121020120212012102120210201210212
0102101202102012021201210212010210120102120121021201021012102120210121020102120210201210212
-
0102101202102010212021012102010210121021201021012010212012102120102101201020120210201210212
0102101202102012021201210212010210120102120121021201021012102120121012010210120210201210212
0102101202102012021201210212010210120102120121021201021012102120210121020102120210201210212
0102101202102010210120102012021012010210120210201202101201021012102120121020120210201210212
-
0102101202102012102120121020120210121021201021012010212012102120102101201020120210201210212
0102101202102012021201210212010210120102120121021201021012102120210121020102120210201210212
0102101202102010210120102012021012010210120210201202101201021012102120121020120210201210212
0102101202102012102120121012010210120210201202101201021012021020102101201020120210201210212
-
0102101202102010212021012102010210121021201021012010212012102120102101201020120210201210212
0102101202102012102120121012010210121021201021012010212012102120102101201020120210201210212
0102101202102012021201210212010210120102120121021201021012102120210121020102120210201210212
0102101202102010210120102012021012010210120210201202101201021012102120121020120210201210212
-
0102101202102010212021012102010210121021201021012010212012102120102101201020120210201210212
0102101202102012021012010210121021201210201202102012102120121020120212012102120210201210212
0102101202102012021201210212010210120102120121021201021012102012021012010210120210201210212
0102101202102012021201210212010210120102120121021201021012102120210121020102120210201210212
-
0102101202102012102120121012010210121021201021012010212012102120102101201020120210201210212
0102101202102012102120121020120210121021201021012010212012102120102101201020120210201210212
0102101202102012021012010210121021201210201202102012102120121020120212012102120210201210212
0102101202102012021201210212010210120102120121021201021012102120210121020102120210201210212
-
0102101202102010212021012102010210121021201021012010212012102120102101201020120210201210212
0102101202102012021201210212010210120102120121021201021012102120210121020102120210201210212
0102101202102010210120102012021012010210120210201202101201021012102120121020120210201210212
0102101202102012102120121020120210201021012010212012102120102101201021201210120210201210212
-
0102101202102010212021012102010210121021201021012010212012102120102101201020120210201210212
0102101202102012021012010210121021201210201202102012102120121020120212012102120210201210212
0102101202102012021201210212010210120102120121021201021012102120121012010210120210201210212
0102101202102012021201210212021020121021201210201202102012102120121012010210120210201210212
-
0102101202102010212021012102010210121021201021012010212012102120102101201020120210201210212
0102101202102012102120121012010210121021201021012010212012102120102101201020120210201210212
0102101202102012021012010210121021201210201202102012102120121020120212012102120210201210212
0102101202102012021201210212010210120102120121021201021012102120210121020102120210201210212
-
0102101202102010212021012102010210121021201021012010212012102120102101201020120210201210212
0102101202102012021201210212010210120102120121021201021012102120121012010210120210201210212
0102101202102010210120102012021012010210120210201202101201021012102120121020120210201210212
0102101202102012021201210212021020121021201210201202102012102120121012010210120210201210212
-
0102101202102010212021012102010210121021201021012010212012102120102101201020120210201210212
0102101202102012021012010210121021201210201202102012102120121020120212012102120210201210212
0102101202102012021201210212010210120102120121021201021012102120210121020102120210201210212
0102101202102012102120121012010210120210201202101201021012021020102101201020120210201210212
-
0102101202102010212021012102010210121021201021012010212012102120102101201020120210201210212
0102101202102012021201210212010210120102120121021201021012102120210121020102120210201210212
0102101202102010210120102012021012010210120210201202101201021012102120121020120210201210212
0102101202102012101201021201210212010210120102120121021202102012021012010210120210201210212
-
0102101202102010212021012102010210121021201021012010212012102120102101201020120210201210212
0102101202102012102120121020120210121021201021012010212012102120102101201020120210201210212
0102101202102012021201210212010210120102120121021201021012102120210121020102120210201210212
0102101202102010210120102012021012010210120210201202101201021012102120121020120210201210212
-
0102101202102010212021012102010210121021201021012010212012102120102101201020120210201210212
0102101202102012021012010210121021201210201202102012102120121020120212012102120210201210212
0102101202102012021201210212010210120102120121021201021012102120210121020102120210201210212
0102101202102012101201021201210212010210120102120121021202102012021012010210120210201210212
-
0102101202102012102120121012010210121021201021012010212012102120102101201020120210201210212
0102101202102012021012010210121021201210201202102012102120121020120212012102120210201210212
0102101202102012021201210212010210120102120121021201021012102120210121020102120210201210212
0102101202102012102120121012010210120210201202101201021012021020102101201020120210201210212
-
0102101202102010212021012102010210121021201021012010212012102120102101201020120210201210212
0102101202102012021012010210121021201210201202102012102120121020120212012102120210201210212
0102101202102012021201210212010210120102120121021201021012102120210121020102120210201210212
0102101202102012102120121020120210201021012010212012102120102101201021201210120210201210212
-
0102101202102012102120121012010210121021201021012010212012102120102101201020120210201210212
0102101202102012021201210212010210120102120121021201021012102120210121020102120210201210212
0102101202102010210120102012021012010210120210201202101201021012102120121020120210201210212
0102101202102012102120121012010210120210201202101201021012021020102101201020120210201210212
-
0102101202102010212021012102010210121021201021012010212012102120102101201020120210201210212
0102101202102012021201210212010210120102120121021201021012102120210121020102120210201210212
0102101202102010210120102012021012010210120210201202101201021012102120121020120210201210212
0102101202102012102120121012010210120210201202101201021012021020102101201020120210201210212
-
0102101202102010212021012102010210121021201021012010212012102120102101201020120210201210212
0102101202102012021012010210121021201210201202102012102120121020120212012102120210201210212
0102101202102012021201210212010210120102120121021201021012102120210121020102120210201210212
0102101202102012021201210212021020121021201210201202102012102120121012010210120210201210212
-
0102101202102010212021012102010210121021201021012010212012102120102101201020120210201210212
0102101202102012021012010210121021201210201202102012102120121020120212012102120210201210212
0102101202102012021201210212010210120102120121021201021012102012021012010210120210201210212
0102101202102012021201210212021020121021201210201202102012102120121012010210120210201210212
-
0102101202102010212021012102010210121021201021012010212012102120102101201020120210201210212
0102101202102012021012010210121021201210201202102012102120121020120212012102120210201210212
0102101202102012021201210212010210120102120121021201021012102012021012010210120210201210212
0102101202102012021201210212010210120102120121021201021012102120121012010210120210201210212
-
0102101202102010212021012102010210121021201021012010212012102120102101201020120210201210212
0102101202102012021201210212010210120102120121021201021012102012021012010210120210201210212
0102101202102010210120102012021012010210120210201202101201021012102120121020120210201210212
0102101202102012021201210212021020121021201210201202102012102120121012010210120210201210212
-
0102101202102012102120121012010210121021201021012010212012102120102101201020120210201210212
0102101202102012102120121020120210121021201021012010212012102120102101201020120210201210212
0102101202102012021201210212010210120102120121021201021012102120210121020102120210201210212
0102101202102010210120102012021012010210120210201202101201021012102120121020120210201210212
-
