0102101202102010210120102120121012010210121020102120210201210212
0102101202102010210121021201020121020102101201020120210201210212
0102101202102012021201020121021201021012102010210120210201210212
0102101202102012021201210201202101210201021201020120210201210212
-
0102101202102010212021012102120121012010212012102120210201210212
0102101202102012021201021202101201020120212012102120210201210212
0102101202102012021201210212021012021201021012102120210201210212
0102101202102012102120121012021201021012102010210120210201210212
-
0102101202102010210121020121012021020102101201020120210201210212
0102101202102010212021020121021201020120210120102120210201210212
0102101202102012102120210121021201021012021201020120210201210212
0102101202102012102120210201021012021201021012102120210201210212
-
0102101202102010210120102012021020121012021020102120210201210212
0102101202102010210121020121012010201202102010210120210201210212
0102101202102010210121021201210120102120121020102120210201210212
0102101202102010212012102012021201021012102010210120210201210212
-
0102101202102010210120102012021201210201021201020120210201210212
0102101202102010212012102012021201020120210120102120210201210212
0102101202102012021201020121021201021012102010210120210201210212
0102101202102012021201210201021201210120212012102120210201210212
-
