010210120210201021012010201202102010210120212012102120210201210212
010210120210201021012010201210212021020120212012102120210201210212
010210120210201021012102120102012102120210121020102120210201210212
010210120210201021201210201202120121012010212012102120210201210212
-
010210120210201021012010212012101201021012021020102120210201210212
010210120210201021012102010212012101202120121020102120210201210212
010210120210201021202101201020121012010212021012102120210201210212
010210120210201021202101210212021020121012021020102120210201210212
-
010210120210201021012010201210212010210120212012102120210201210212
010210120210201021012010201210212021020120212012102120210201210212
010210120210201021012010212012101201020120210120102120210201210212
010210120210201021012102120102012102120210121020102120210201210212
-
010210120210201021012102010212012101202120121020102120210201210212
010210120210201021201210120212012102010212021012102120210201210212
010210120210201021201210201202120121021201021012102120210201210212
010210120210201021202101210201021012021201021012102120210201210212
-
010210120210201021012010201210120102120210121020102120210201210212
010210120210201021201210120212012102010212021012102120210201210212
010210120210201021202101201020121012010212021012102120210201210212
010210120210201021202102012102120121012010212012102120210201210212
-
