01021012021020102120121020120212012102120210121020102120210201210212
01021012021020120212012102012021012102010212021012102120210201210212
01021012021020120212012102120102101202102010212012102120210201210212
01021012021020121021201210120212012102120102101201020120210201210212
-
01021012021020102101201020121012021201020120212012102120210201210212
01021012021020102120121020120212010201210120212012102120210201210212
01021012021020120212012102120102101201020120212012102120210201210212
01021012021020121021202102012021201210201202101201020120210201210212
-
01021012021020102101210201021202102010210120212012102120210201210212
01021012021020102120210121020120210120102120121020102120210201210212
01021012021020102120210201202120121020120210121020102120210201210212
01021012021020121021202101210212010201210120212012102120210201210212
-
01021012021020102120210120102120121012010210121020102120210201210212
01021012021020102120210201210212010201210120212012102120210201210212
01021012021020121021202101210201021012021201021012102120210201210212
01021012021020121021202102010210120212010210121020102120210201210212
-
01021012021020102101201020120212010201210120212012102120210201210212
01021012021020102101210201021202101210201202101201020120210201210212
01021012021020102101210212010201210212021012102010210120210201210212
01021012021020102120121020120212012102120210121020102120210201210212
-
