0102101202102010210121021201021012021201020120210120102120210201210212
0102101202102010212012102012021201210212010210121020102120210201210212
0102101202102012102120210120102012101201021202101201020120210201210212
0102101202102012102120210121020102120121020120212012102120210201210212
-
0102101202102010210121021201210120102120210120212012102120210201210212
0102101202102010212021012102010210120212010210121020102120210201210212
0102101202102010212021020121012021201210201202101201020120210201210212
0102101202102012021201210201021201020121021202102010210120210201210212
-
0102101202102010212021012102120102012102120210121020102120210201210212
0102101202102012021201020121021202102012021201021012102120210201210212
0102101202102012021201210201202101210212010210121020102120210201210212
0102101202102012102120210121020120210120102012021020102120210201210212
-
0102101202102010210120102012101202120121012010212012102120210201210212
0102101202102010210120102120121012021201021012021020102120210201210212
0102101202102012102120210120102120121012010210121020102120210201210212
0102101202102012102120210201202101201020121012021020102120210201210212
-
0102101202102010210120102012102010212012101201021012102120210201210212
0102101202102010212021012102010212012101202120121020102120210201210212
0102101202102010212021020121012021201210201202101201020120210201210212
0102101202102012021201210201021201020121020102101201020120210201210212
-
