010210120210201021012102012101201021012021020102101201020120210201210212
010210120210201202120121020120210121021201021012021020102120210201210212
010210120210201202120121021202102012021201021202101201020120210201210212
010210120210201210212021012102120102101202120121012010210120210201210212
-
010210120210201021202102012102120102101201020120210120102120210201210212
010210120210201202120102012102120210201202120102101201020120210201210212
010210120210201202120121021202102012021201021202101201020120210201210212
010210120210201210212021012102120102012102120121012010210120210201210212
-
010210120210201021012010201210212012101201021012021020102120210201210212
010210120210201202120102120210120212012102120102101201020120210201210212
010210120210201202120121020120210120102120121012021020102120210201210212
010210120210201202120121021202102012021012010201210120102120210201210212
-
010210120210201021012102120102012102120210201202101201020120210201210212
010210120210201202120121021201021012021201020120210120102120210201210212
010210120210201202120121021201021012102010210120212012102120210201210212
010210120210201210212012101201021202101210201202101201020120210201210212
-
010210120210201021012010201210212021012102120102101201020120210201210212
010210120210201021012010212012102012021201020120210120102120210201210212
010210120210201202120102101202120121021201021012021020102120210201210212
010210120210201210212021012102010212021012010201210120102120210201210212
-
