0102101202102012021201210201202101201020121012010212012102120210201210212
0102101202102012021201210201202101210201021012010212012102120210201210212
0102101202102012021201210212010201202102010210120212012102120210201210212
0102101202102012021201210212010210121021201210120212012102120210201210212
-
0102101202102012021201210201202101210201021012010212012102120210201210212
0102101202102012021201210212010201202102010210120212012102120210201210212
0102101202102012021201210212010210121021201210120212012102120210201210212
0102101202102012021201210212021012102012021012010212012102120210201210212
-
0102101202102012021201210201202101201020121012010212012102120210201210212
0102101202102012021201210212010201202102010210120212012102120210201210212
0102101202102012021201210212010210121021201210120212012102120210201210212
0102101202102012021201210212021012102012021012010212012102120210201210212
-
0102101202102012021201210201202101201020121012010212012102120210201210212
0102101202102012021201210201202102010212021012010212012102120210201210212
0102101202102012021201210212010201202102010210120212012102120210201210212
0102101202102012021201210212010210121021201210120212012102120210201210212
-
0102101202102012021201210201202101210201021012010212012102120210201210212
0102101202102012021201210201202102010212021012010212012102120210201210212
0102101202102012021201210212010201202102010210120212012102120210201210212
0102101202102012021201210212010210121021201210120212012102120210201210212
-
