010210120210201021012010201202102010210120212010210121020102120210201210212
010210120210201021012010201210120210201210212010210121020102120210201210212
010210120210201021012010212012101201021012102120210121020102120210201210212
010210120210201021012010212012101202102012102120210121020102120210201210212
-
010210120210201021012010201202102010210120212010210121020102120210201210212
010210120210201021012010201210212021020120212010210121020102120210201210212
010210120210201021012010212012101202102012102120210121020102120210201210212
010210120210201021012010212012102010212021012010210121020102120210201210212
-
010210120210201021012010201202102010210120212010210121020102120210201210212
010210120210201021012010212012101201021012102120210121020102120210201210212
010210120210201021012010212012101202120121020120210121020102120210201210212
010210120210201021012010212012102010212021012010210121020102120210201210212
-
010210120210201021012010201202102010210120212010210121020102120210201210212
010210120210201021012010201210120102120121020120210121020102120210201210212
010210120210201021012010212012101202102012102120210121020102120210201210212
010210120210201021012010212012102010212021012010210121020102120210201210212
-
010210120210201021012010201210120210201210212010210121020102120210201210212
010210120210201021012010201210212021020120212010210121020102120210201210212
010210120210201021012010212012101202120121020120210121020102120210201210212
010210120210201021012010212012102012021201020120210121020102120210201210212
-
010210120210201021012010201210120210201210212010210121020102120210201210212
010210120210201021012010201210212021020120212010210121020102120210201210212
010210120210201021012010212012101201021012102120210121020102120210201210212
010210120210201021012010212012101202102012102120210121020102120210201210212
-
010210120210201021012010201210120102120121020120210121020102120210201210212
010210120210201021012010201210212021020120212010210121020102120210201210212
010210120210201021012010212012101201021012102120210121020102120210201210212
010210120210201021012010212012102010212021012010210121020102120210201210212
-
010210120210201021012010201210120210201210212010210121020102120210201210212
010210120210201021012010201210212021020120212010210121020102120210201210212
010210120210201021012010212012101201021012102120210121020102120210201210212
010210120210201021012010212012101202120121020120210121020102120210201210212
-
010210120210201021012010201202102010210120212010210121020102120210201210212
010210120210201021012010201210212021020120212010210121020102120210201210212
010210120210201021012010212012101201021012102120210121020102120210201210212
010210120210201021012010212012102012021201020120210121020102120210201210212
-
010210120210201021012010201210120210201210212010210121020102120210201210212
010210120210201021012010201210212021020120212010210121020102120210201210212
010210120210201021012010212012101201021012102120210121020102120210201210212
010210120210201021012010212012102010212021012010210121020102120210201210212
-
