010210120210201202120121020102120121012010210121020120212012102120210201210212
010210120210201202120121020102120210120102120121020120212012102120210201210212
010210120210201202120121021202101210201202101201020120212012102120210201210212
010210120210201202120121021202102012101202102010210120212012102120210201210212
-
010210120210201202120121020102120121012010212021020120212012102120210201210212
010210120210201202120121020120210121020102120121020120212012102120210201210212
010210120210201202120121021202102012021012102010210120212012102120210201210212
010210120210201202120121021202102012101202102010210120212012102120210201210212
-
010210120210201202120121020120210121020102120121020120212012102120210201210212
010210120210201202120121021202101210201202101201020120212012102120210201210212
010210120210201202120121021202102012021012010201210120212012102120210201210212
010210120210201202120121021202102012101202102010210120212012102120210201210212
-
010210120210201202120121020102120121012010212021020120212012102120210201210212
010210120210201202120121020120210121020102120121020120212012102120210201210212
010210120210201202120121021202101201020120210121020120212012102120210201210212
010210120210201202120121021202102012021012010201210120212012102120210201210212
-
010210120210201202120121020102101201020120210121020120212012102120210201210212
010210120210201202120121020102120121012010212021020120212012102120210201210212
010210120210201202120121021202101210201202101201020120212012102120210201210212
010210120210201202120121021202102012021012102010210120212012102120210201210212
-
010210120210201202120121020102101201020120210121020120212012102120210201210212
010210120210201202120121020102120121012010212021020120212012102120210201210212
010210120210201202120121021202102012021012010201210120212012102120210201210212
010210120210201202120121021202102012101202102010210120212012102120210201210212
-
010210120210201202120121020102101201020120210121020120212012102120210201210212
010210120210201202120121020102120121012010210121020120212012102120210201210212
010210120210201202120121021202101210201202101201020120212012102120210201210212
010210120210201202120121021202102012021012010201210120212012102120210201210212
-
010210120210201202120121020102101201020120210121020120212012102120210201210212
010210120210201202120121020102120210120102120121020120212012102120210201210212
010210120210201202120121021202102012021012010201210120212012102120210201210212
010210120210201202120121021202102012101202102010210120212012102120210201210212
-
010210120210201202120121020120210120102120210121020120212012102120210201210212
010210120210201202120121020120210121020102120121020120212012102120210201210212
010210120210201202120121021202101210201202101201020120212012102120210201210212
010210120210201202120121021202102012021012010201210120212012102120210201210212
-
010210120210201202120121020102120121012010212021020120212012102120210201210212
010210120210201202120121020102120210120102120121020120212012102120210201210212
010210120210201202120121021202101210201202101201020120212012102120210201210212
010210120210201202120121021202102012021012102010210120212012102120210201210212
-
