010210120210201202120121021201021012021201020121012010210120212012102120210201210212
010210120210201202120121021201021012102010210120210201210120212012102120210201210212
010210120210201202120121021201021012102012021012010201210120212012102120210201210212
010210120210201202120121021202102012101202101210212010210120212012102120210201210212
-
010210120210201202120121021201020121021202101210212010210120212012102120210201210212
010210120210201202120121021201021012021201020121021201210120212012102120210201210212
010210120210201202120121021201021012102120121012010201210120212012102120210201210212
010210120210201202120121021202102012101202120121012010210120212012102120210201210212
-
010210120210201202120121021201021012021020102120210201210120212012102120210201210212
010210120210201202120121021201021012102012021012010201210120212012102120210201210212
010210120210201202120121021202101210201202101201021201210120212012102120210201210212
010210120210201202120121021202102012101202101210212010210120212012102120210201210212
-
010210120210201202120121021201021012102010210120210201210120212012102120210201210212
010210120210201202120121021201021012102120121012010201210120212012102120210201210212
010210120210201202120121021202101210201202101201021201210120212012102120210201210212
010210120210201202120121021202102012101202101210212010210120212012102120210201210212
-
010210120210201202120121021201020121021202101210212010210120212012102120210201210212
010210120210201202120121021201021012021201020121012010210120212012102120210201210212
010210120210201202120121021201021012102010210120210201210120212012102120210201210212
010210120210201202120121021201021012102012021012010201210120212012102120210201210212
-
010210120210201202120121021201021012102012021012010201210120212012102120210201210212
010210120210201202120121021201021012102120121012010201210120212012102120210201210212
010210120210201202120121021202101210201202101201021201210120212012102120210201210212
010210120210201202120121021202102012101202120121012010210120212012102120210201210212
-
010210120210201202120121021201020121021202101210212010210120212012102120210201210212
010210120210201202120121021201021012021201020121021201210120212012102120210201210212
010210120210201202120121021201021012102010210120210201210120212012102120210201210212
010210120210201202120121021201021012102120121012010201210120212012102120210201210212
-
010210120210201202120121021201020121021202101210212010210120212012102120210201210212
010210120210201202120121021201021012102010210120210201210120212012102120210201210212
010210120210201202120121021202101210201202101201021201210120212012102120210201210212
010210120210201202120121021202102012101202120121012010210120212012102120210201210212
-
010210120210201202120121021201020121021202101210212010210120212012102120210201210212
010210120210201202120121021201021012102010210120210201210120212012102120210201210212
010210120210201202120121021201021012102120121012010201210120212012102120210201210212
010210120210201202120121021202101210201202101201021201210120212012102120210201210212
-
010210120210201202120121021201020121021202101210212010210120212012102120210201210212
010210120210201202120121021201021012021020102120210201210120212012102120210201210212
010210120210201202120121021201021012102010210120210201210120212012102120210201210212
010210120210201202120121021202101210201202101201021201210120212012102120210201210212
-
