010210120210201202120121021201020121012021020102120210201210120212012102120210201210212
010210120210201202120121021201021012010201202101210212010210120212012102120210201210212
010210120210201202120121021201021012021020102101201021201210120212012102120210201210212
010210120210201202120121021201021012102120210120212010201210120212012102120210201210212
-
010210120210201202120121021201020121012021020102120210201210120212012102120210201210212
010210120210201202120121021201021012010201202101201021201210120212012102120210201210212
010210120210201202120121021201021012021020102120121012010210120212012102120210201210212
010210120210201202120121021201021012102120210120212010201210120212012102120210201210212
-
010210120210201202120121021201020121012021020102120210201210120212012102120210201210212
010210120210201202120121021201021012010201202101210212010210120212012102120210201210212
010210120210201202120121021201021012021020102120121012010210120212012102120210201210212
010210120210201202120121021201021012102010210120212010201210120212012102120210201210212
-
010210120210201202120121021201020121012021020102120210201210120212012102120210201210212
010210120210201202120121021201020121021202101210212010201210120212012102120210201210212
010210120210201202120121021201021012010201202101201021201210120212012102120210201210212
010210120210201202120121021201021012021020102101210212010210120212012102120210201210212
-
010210120210201202120121021201020121012021020102120210201210120212012102120210201210212
010210120210201202120121021201020121021202101210212010201210120212012102120210201210212
010210120210201202120121021201021012010201202101201021201210120212012102120210201210212
010210120210201202120121021201021012021020102120121012010210120212012102120210201210212
-
010210120210201202120121021201020121012021020102120210201210120212012102120210201210212
010210120210201202120121021201020121021202101210212010201210120212012102120210201210212
010210120210201202120121021201021012010201202101210212010210120212012102120210201210212
010210120210201202120121021201021012021020102120121012010210120212012102120210201210212
-
010210120210201202120121021201020121012021020102120210201210120212012102120210201210212
010210120210201202120121021201021012010201202101201021201210120212012102120210201210212
010210120210201202120121021201021012021020102120121012010210120212012102120210201210212
010210120210201202120121021201021012102010210120212010201210120212012102120210201210212
-
010210120210201202120121021201020121012021020102120210201210120212012102120210201210212
010210120210201202120121021201021012010201202101210212010210120212012102120210201210212
010210120210201202120121021201021012021020102120121012010210120212012102120210201210212
010210120210201202120121021201021012102120210120212010201210120212012102120210201210212
-
010210120210201202120121021201020121012021020102120210201210120212012102120210201210212
010210120210201202120121021201021012010201202101201021201210120212012102120210201210212
010210120210201202120121021201021012021020102101210212010210120212012102120210201210212
010210120210201202120121021201021012102120210120212010201210120212012102120210201210212
-
010210120210201202120121021201020121012021020102120210201210120212012102120210201210212
010210120210201202120121021201021012010201202101201021201210120212012102120210201210212
010210120210201202120121021201021012021020102101210212010210120212012102120210201210212
010210120210201202120121021201021012102010210120212010201210120212012102120210201210212
-
