0102101202102012021201210212010210120102012021201210201021201210120212012102120210201210212
0102101202102012021201210212010210120210201021201210120102120210120212012102120210201210212
0102101202102012021201210212010210120212010201202101201021201210120212012102120210201210212
0102101202102012021201210212010210121020120212010201202102010210120212012102120210201210212
-
0102101202102012021201210212010210120102012021201210201021201210120212012102120210201210212
0102101202102012021201210212010210120210201021201210120102120210120212012102120210201210212
0102101202102012021201210212010210120212010201202101210212010210120212012102120210201210212
0102101202102012021201210212010210121020120212010201202102010210120212012102120210201210212
-
0102101202102012021201210212010210120210201021202101210212010210120212012102120210201210212
0102101202102012021201210212010210120212010201202101201021201210120212012102120210201210212
0102101202102012021201210212010210121020120212010201202102010210120212012102120210201210212
0102101202102012021201210212010210121021201210120210201021201210120212012102120210201210212
-
0102101202102012021201210212010210120102012021201210201021201210120212012102120210201210212
0102101202102012021201210212010210120210201021201210120102120210120212012102120210201210212
0102101202102012021201210212010210120212010201202101210212010210120212012102120210201210212
0102101202102012021201210212010210121021202102012101202102010210120212012102120210201210212
-
0102101202102012021201210212010210120102012021201210201021201210120212012102120210201210212
0102101202102012021201210212010210120210201021201210120102120210120212012102120210201210212
0102101202102012021201210212010210121021201210120212012102010210120212012102120210201210212
0102101202102012021201210212010210121021202101202120121012010210120212012102120210201210212
-
0102101202102012021201210212010210120210201021202101210212010210120212012102120210201210212
0102101202102012021201210212010210121020120212010201202102010210120212012102120210201210212
0102101202102012021201210212010210121021201210120210201021201210120212012102120210201210212
0102101202102012021201210212010210121021202101202120121012010210120212012102120210201210212
-
0102101202102012021201210212010210120102012021201210201021201210120212012102120210201210212
0102101202102012021201210212010210120210201021202101201021201210120212012102120210201210212
0102101202102012021201210212010210120212010201202101210212010210120212012102120210201210212
0102101202102012021201210212010210121020120212010201202102010210120212012102120210201210212
-
0102101202102012021201210212010210120210201021201210120102120210120212012102120210201210212
0102101202102012021201210212010210120212010201202101201021201210120212012102120210201210212
0102101202102012021201210212010210121021202101202120121012010210120212012102120210201210212
0102101202102012021201210212010210121021202102012101202102010210120212012102120210201210212
-
0102101202102012021201210212010210120102012021201210201021201210120212012102120210201210212
0102101202102012021201210212010210120210201021202101210212010210120212012102120210201210212
0102101202102012021201210212010210120212010201202101201021201210120212012102120210201210212
0102101202102012021201210212010210121020120212010201202102010210120212012102120210201210212
-
0102101202102012021201210212010210120210201021201210120102120210120212012102120210201210212
0102101202102012021201210212010210120212010201202101210212010210120212012102120210201210212
0102101202102012021201210212010210121021201210120212012102010210120212012102120210201210212
0102101202102012021201210212010210121021202102012101202102010210120212012102120210201210212
-
