01021012021020120212012102120102101201020121020102101201021201210120212012102120210201210212
01021012021020120212012102120102101202120102012102120121012010210120212012102120210201210212
01021012021020120212012102120102101210201021201210201202102010210120212012102120210201210212
01021012021020120212012102120102101210212012101201021012102120210120212012102120210201210212
-
01021012021020120212012102120102101202120102012102120121012010210120212012102120210201210212
01021012021020120212012102120102101210201021201210201202102010210120212012102120210201210212
01021012021020120212012102120102101210212012101202102012102120210120212012102120210201210212
01021012021020120212012102120102101210212012102012021012010201210120212012102120210201210212
-
01021012021020120212012102120102101201020120210121020121012010210120212012102120210201210212
01021012021020120212012102120102101201020121020102101201021201210120212012102120210201210212
01021012021020120212012102120102101210201021201210201202102010210120212012102120210201210212
01021012021020120212012102120102101210212012102012021012010201210120212012102120210201210212
-
01021012021020120212012102120102101201020120210121020121012010210120212012102120210201210212
01021012021020120212012102120102101201020121020102120121012010210120212012102120210201210212
01021012021020120212012102120102101210201021201210201202102010210120212012102120210201210212
01021012021020120212012102120102101210212012101202102012102120210120212012102120210201210212
-
01021012021020120212012102120102101201020120210201210212010201210120212012102120210201210212
01021012021020120212012102120102101201020121012010210120210201210120212012102120210201210212
01021012021020120212012102120102101210201021201210201202102010210120212012102120210201210212
01021012021020120212012102120102101210212012101202101210212010210120212012102120210201210212
-
01021012021020120212012102120102101201020120210201210212010201210120212012102120210201210212
01021012021020120212012102120102101202120102012102120121012010210120212012102120210201210212
01021012021020120212012102120102101210201021201210201202102010210120212012102120210201210212
01021012021020120212012102120102101210212012101202102012102120210120212012102120210201210212
-
01021012021020120212012102120102101201020121012010210120210201210120212012102120210201210212
01021012021020120212012102120102101201020121020102101201021201210120212012102120210201210212
01021012021020120212012102120102101202120102012102120121012010210120212012102120210201210212
01021012021020120212012102120102101210201021201210201202102010210120212012102120210201210212
-
01021012021020120212012102120102101201020120210201210212010201210120212012102120210201210212
01021012021020120212012102120102101201020121020102101201021201210120212012102120210201210212
01021012021020120212012102120102101210201021201210201202102010210120212012102120210201210212
01021012021020120212012102120102101210212012101201021012102120210120212012102120210201210212
-
01021012021020120212012102120102101201020121012010210120210201210120212012102120210201210212
01021012021020120212012102120102101201020121020102101201021201210120212012102120210201210212
01021012021020120212012102120102101210212012101202101210212010210120212012102120210201210212
01021012021020120212012102120102101210212012102012021012102010210120212012102120210201210212
-
01021012021020120212012102120102101201020121020102101201021201210120212012102120210201210212
01021012021020120212012102120102101202120102012102120121012010210120212012102120210201210212
01021012021020120212012102120102101210201021201210201202102010210120212012102120210201210212
01021012021020120212012102120102101210212012101202102012102120210120212012102120210201210212
-
