0102101202102012021201210212010210120102012021020121021202102010210120212012102120210201210212
0102101202102012021201210212010210120210201021201210201202102010210120212012102120210201210212
0102101202102012021201210212010210121021201210120210201210212010210120212012102120210201210212
0102101202102012021201210212010210121021202102012102120121012010210120212012102120210201210212
-
0102101202102012021201210212010210120102012021020121021202102010210120212012102120210201210212
0102101202102012021201210212010210120210201021012010201202102010210120212012102120210201210212
0102101202102012021201210212010210120212010201210212021012102010210120212012102120210201210212
0102101202102012021201210212010210121021201210120102101210212010210120212012102120210201210212
-
0102101202102012021201210212010210120210201021012010201202102010210120212012102120210201210212
0102101202102012021201210212010210120212010201210212021012102010210120212012102120210201210212
0102101202102012021201210212010210121021201210120102101210212010210120212012102120210201210212
0102101202102012021201210212010210121021202102012102120121012010210120212012102120210201210212
-
0102101202102012021201210212010210120102012021020121021202102010210120212012102120210201210212
0102101202102012021201210212010210120102012021201210201202102010210120212012102120210201210212
0102101202102012021201210212010210120210201021012010201210212010210120212012102120210201210212
0102101202102012021201210212010210121021201210120102101210212010210120212012102120210201210212
-
0102101202102012021201210212010210120102012021020121021202102010210120212012102120210201210212
0102101202102012021201210212010210120210201021012010201202102010210120212012102120210201210212
0102101202102012021201210212010210120212010201210212021012102010210120212012102120210201210212
0102101202102012021201210212010210121021202102012102120121012010210120212012102120210201210212
-
0102101202102012021201210212010210120102012021201210201202102010210120212012102120210201210212
0102101202102012021201210212010210120212010201210212021012102010210120212012102120210201210212
0102101202102012021201210212010210121021201210120102101210212010210120212012102120210201210212
0102101202102012021201210212010210121021202102012102120121012010210120212012102120210201210212
-
0102101202102012021201210212010210120102012021020121021202102010210120212012102120210201210212
0102101202102012021201210212010210120102012021201210201202102010210120212012102120210201210212
0102101202102012021201210212010210121021201210120210201210212010210120212012102120210201210212
0102101202102012021201210212010210121021202102012102120121012010210120212012102120210201210212
-
0102101202102012021201210212010210120102012021020121021202102010210120212012102120210201210212
0102101202102012021201210212010210120210201021201210201202102010210120212012102120210201210212
0102101202102012021201210212010210121021201210120102101210212010210120212012102120210201210212
0102101202102012021201210212010210121021202102012102120121012010210120212012102120210201210212
-
0102101202102012021201210212010210120102012021020121021202102010210120212012102120210201210212
0102101202102012021201210212010210120210201021012010201210212010210120212012102120210201210212
0102101202102012021201210212010210120212010201210212021012102010210120212012102120210201210212
0102101202102012021201210212010210121021201210120102101210212010210120212012102120210201210212
-
0102101202102012021201210212010210120102012021201210201202102010210120212012102120210201210212
0102101202102012021201210212010210120212010201210212021012102010210120212012102120210201210212
0102101202102012021201210212010210121021201210120210201210212010210120212012102120210201210212
0102101202102012021201210212010210121021202102012102120121012010210120212012102120210201210212
-
