01021012021020120212012102120102101201020120210120102101210212010210120212012102120210201210212
01021012021020120212012102120102101210201021201210120212012102010210120212012102120210201210212
01021012021020120212012102120102101210201202120102012021012102010210120212012102120210201210212
01021012021020120212012102120102101210212012102012021201210212010210120212012102120210201210212
-
01021012021020120212012102120102101201020120210120102101210212010210120212012102120210201210212
01021012021020120212012102120102101202102010210120102120121012010210120212012102120210201210212
01021012021020120212012102120102101210201021202102012101202102010210120212012102120210201210212
01021012021020120212012102120102101210212012102012021201210212010210120212012102120210201210212
-
01021012021020120212012102120102101201020120210120102101210212010210120212012102120210201210212
01021012021020120212012102120102101202102010210120102120121012010210120212012102120210201210212
01021012021020120212012102120102101210201021201210120212012102010210120212012102120210201210212
01021012021020120212012102120102101210201202120102012021012102010210120212012102120210201210212
-
01021012021020120212012102120102101202120102012101202120121012010210120212012102120210201210212
01021012021020120212012102120102101210201021201210120212012102010210120212012102120210201210212
01021012021020120212012102120102101210201021202102012101202102010210120212012102120210201210212
01021012021020120212012102120102101210212012102012021201210212010210120212012102120210201210212
-
01021012021020120212012102120102101202102010210120102120121012010210120212012102120210201210212
01021012021020120212012102120102101202120102012101202120121012010210120212012102120210201210212
01021012021020120212012102120102101210201021202102012101202102010210120212012102120210201210212
01021012021020120212012102120102101210201202120102012021012102010210120212012102120210201210212
-
01021012021020120212012102120102101201020120210120102101210212010210120212012102120210201210212
01021012021020120212012102120102101202120102012101202120121012010210120212012102120210201210212
01021012021020120212012102120102101210201021202102012101202102010210120212012102120210201210212
01021012021020120212012102120102101210212012102012021201210212010210120212012102120210201210212
-
01021012021020120212012102120102101202102010210120102120121012010210120212012102120210201210212
01021012021020120212012102120102101202120102012101202120121012010210120212012102120210201210212
01021012021020120212012102120102101210201021201210120212012102010210120212012102120210201210212
01021012021020120212012102120102101210201202120102012021012102010210120212012102120210201210212
-
01021012021020120212012102120102101201020120210120102120121012010210120212012102120210201210212
01021012021020120212012102120102101202120102012101202120121012010210120212012102120210201210212
01021012021020120212012102120102101210201021201210120212012102010210120212012102120210201210212
01021012021020120212012102120102101210201202120102012021012102010210120212012102120210201210212
-
01021012021020120212012102120102101201020120210120102101210212010210120212012102120210201210212
01021012021020120212012102120102101210201021201210120212012102010210120212012102120210201210212
01021012021020120212012102120102101210201021202102012101202102010210120212012102120210201210212
01021012021020120212012102120102101210212012102012021201210212010210120212012102120210201210212
-
01021012021020120212012102120102101201020120210120102120121012010210120212012102120210201210212
01021012021020120212012102120102101202120102012101202120121012010210120212012102120210201210212
01021012021020120212012102120102101210201021201210120212012102010210120212012102120210201210212
01021012021020120212012102120102101210212012102012021201210212010210120212012102120210201210212
-
