01021012021020120212012102120102101201020120210201210212021012102010210120212012102120210201210212
01021012021020120212012102120102101201020120212012102012021012102010210120212012102120210201210212
01021012021020120212012102120102101202120102012021020121021202102010210120212012102120210201210212
01021012021020120212012102120102101210201021202102012102120121012010210120212012102120210201210212
-
01021012021020120212012102120102101201020120210201210212021012102010210120212012102120210201210212
01021012021020120212012102120102101202102010212012102012021012102010210120212012102120210201210212
01021012021020120212012102120102101210201021012021020121021202102010210120212012102120210201210212
01021012021020120212012102120102101210212021020121021201020121012010210120212012102120210201210212
-
01021012021020120212012102120102101201020120212012102012021012102010210120212012102120210201210212
01021012021020120212012102120102101202120102012021020121021202102010210120212012102120210201210212
01021012021020120212012102120102101210201021202102012102120121012010210120212012102120210201210212
01021012021020120212012102120102101210212021020121021201020121012010210120212012102120210201210212
-
01021012021020120212012102120102101201020120210201210212021012102010210120212012102120210201210212
01021012021020120212012102120102101202102010212012101201021012102010210120212012102120210201210212
01021012021020120212012102120102101202120121021202102012101202102010210120212012102120210201210212
01021012021020120212012102120102101210212021020121021201020121012010210120212012102120210201210212
-
01021012021020120212012102120102101201020120210121021201021012102010210120212012102120210201210212
01021012021020120212012102120102101201020120212012102012021012102010210120212012102120210201210212
01021012021020120212012102120102101202120102012021020121021202102010210120212012102120210201210212
01021012021020120212012102120102101202120121021202102012101202102010210120212012102120210201210212
-
01021012021020120212012102120102101201020121012021020121021202102010210120212012102120210201210212
01021012021020120212012102120102101202120102012021201210201202102010210120212012102120210201210212
01021012021020120212012102120102101210212012102012021201021012102010210120212012102120210201210212
01021012021020120212012102120102101210212021020121021201021012102010210120212012102120210201210212
-
01021012021020120212012102120102101201020120210201210212021012102010210120212012102120210201210212
01021012021020120212012102120102101202102010212012101201021012102010210120212012102120210201210212
01021012021020120212012102120102101202120102012021201210201202102010210120212012102120210201210212
01021012021020120212012102120102101210201021202102012102120121012010210120212012102120210201210212
-
01021012021020120212012102120102101202102010212012101201021012102010210120212012102120210201210212
01021012021020120212012102120102101202120102012021201210201202102010210120212012102120210201210212
01021012021020120212012102120102101210201021012021020121021202102010210120212012102120210201210212
01021012021020120212012102120102101210201021202102012102120121012010210120212012102120210201210212
-
01021012021020120212012102120102101201020121012021020121021202102010210120212012102120210201210212
01021012021020120212012102120102101202102010212012102012021012102010210120212012102120210201210212
01021012021020120212012102120102101202120102012021201210201202102010210120212012102120210201210212
01021012021020120212012102120102101210212021020121021201021012102010210120212012102120210201210212
-
01021012021020120212012102120102101201020120212012102012021012102010210120212012102120210201210212
01021012021020120212012102120102101201020121012021020121021202102010210120212012102120210201210212
01021012021020120212012102120102101201020121021202102012101202102010210120212012102120210201210212
01021012021020120212012102120102101210201021202102012102120121012010210120212012102120210201210212
-
