010201202102012102120102101202102012102120121012021201020120210120102120210201210212
010210120210201021202101201021012102012101201021012021020121021201021012021020120212
010201210201021202101201021201210212021012102010212021012010212012102012021201210212
010210120102012021012010212012102010212021012102010210120102120121020102120210120212
-
010201202102012102120102101202102012102120121012021012102010212012102012021201210212
010210120210201021012010201202120102012101201021012021020121021201021012021020120212
010201210201021202101201021201210212021012102010212021012010212012102012021201210212
010210120102012021012010212012102010212021012102010210120102120121020102120210120212
-
010201202102012102120102101202102012102120121012021201020120210120102120210201210212
010201202102010210120210201210120212012101201021012021020121021201021012021020120212
010201210201021202101201021201210212021012102010212021012010212012102012021201210212
010210120102012021012010212012102010212021012102010210120102120121020102120210120212
-
010201202102012102120102101202102012102120121012010201210120210201210212021020120212
010201202102012102120102101202102012102120121012021012102010212012102012021201210212
010210120210201021012010201202120102012101201021012021020121021201021012021020120212
010210120102012021012010212012102010212021012102010210120102120121020102120210120212
-
010201202102012102120102101202102012102120121012021201020120212012102120210201210212
010210120210201021202101201021012102012101201021012021020121021201021012021020120212
010201210201021202101201021201210212021012102010212021012010212012102012021201210212
010210120102012021012010212012102010212021012102010210120102120121020102120210120212
-
010201202102012102120102101202102012102120121012010201210120212010210120210201210212
010210120102012021012010212021012102012101201021012021020121021201021012021020120212
010201210201021202101201021201210212021012102010212021012010212012102012021201210212
010210120102012021012010212012102010212021012102010210120102120121020102120210120212
-
010201202102012102120102101202102012102120121012021012102120121020102120210201210212
010210120210201021202101201021012102012101201021012021020121021201021012021020120212
010201210201021202101201021201210212021012102010212021012010212012102012021201210212
010210120102012021012010212012102010212021012102010210120102120121020102120210120212
-
010201202102012102120102101202102012102120121012010201210120210201210212021020120212
010201202102012102120102101202102012102120121012021012102010212012102012021201210212
010210120210201210212010201210120212012101201021012021020121021201021012021020120212
010210120102012021012010212012102010212021012102010210120102120121020102120210120212
-
010201202102012102120102101202102012102120121012021201020120212012102120210201210212
010201202102010210120210201210120212012101201021012021020121021201021012021020120212
010210120102012021012010212021012102012101201021012021020121021201021012021020120212
010201210201021202101201021201210212021012102010212021012010212012102012021201210212
-
010201202102012102120102101202102012102120121012021201020120212012102120210201210212
010210120210201210212021012102120102012101201021012021020121021201021012021020120212
010201210201021202101201021201210212021012102010212021012010212012102012021201210212
010210120102012021012010212012102010212021012102010210120102120121020102120210120212
-
010201202102012102120102101202102012102120121012021201021012021020102120210201210212
010201202102010210120210201210120212012101201021012021020121021201021012021020120212
010201210201021202101201021201210212021012102010212021012010212012102012021201210212
010210120102012021012010212012102010212021012102010210120102120121020102120210120212
-
010201202102012102120102101202102012102120121012021201021012021020102120210201210212
010201202102010210120210201210120212012101201021012021020121021201021012021020120212
010210120102012021012010212021012102012101201021012021020121021201021012021020120212
010201210201021202101201021201210212021012102010212021012010212012102012021201210212
-
010201202102012102120102101202102012102120121012021201021012021020102120210201210212
010210120210201021012010201210120212012101201021012021020121021201021012021020120212
010201210201021202101201021201210212021012102010212021012010212012102012021201210212
010210120102012021012010212012102010212021012102010210120102120121020102120210120212
-
010201202102012102120102101202102012102120121012021201021012021020102120210201210212
010210120210201021201210201202120102012101201021012021020121021201021012021020120212
010201210201021202101201021201210212021012102010212021012010212012102012021201210212
010210120102012021012010212012102010212021012102010210120102120121020102120210120212
-
010201202102012102120102101202102012102120121012010201210120210201210212021020120212
010210120210201021012010201210120212012101201021012021020121021201021012021020120212
010201210201021202101201021201210212021012102010212021012010212012102012021201210212
010210120102012021012010212012102010212021012102010210120102120121020102120210120212
-
010201202102012102120102101202102012102120121012010201210120210201210212021020120212
010201202102012102120102101202102012102120121012021012102010212012102012021201210212
010210120102012021012010212021012102012101201021012021020121021201021012021020120212
010210120102012021012010212012102010212021012102010210120102120121020102120210120212
-
010201202102012102120102101202102012102120121012021201021012021020102120210201210212
010210120210201210212021012102120102012101201021012021020121021201021012021020120212
010201210201021202101201021201210212021012102010212021012010212012102012021201210212
010210120102012021012010212012102010212021012102010210120102120121020102120210120212
-
010201202102012102120102101202102012102120121012010201210120212012102120210201210212
010210120210201021202102012102120102012101201021012021020121021201021012021020120212
010201210201021202101201021201210212021012102010212021012010212012102012021201210212
010210120102012021012010212012102010212021012102010210120102120121020102120210120212
-
010201202102012102120102101202102012102120121012010201210120210201210212021020120212
010210120210201021201210201202120102012101201021012021020121021201021012021020120212
010201210201021202101201021201210212021012102010212021012010212012102012021201210212
010210120102012021012010212012102010212021012102010210120102120121020102120210120212
-
010201202102012102120102101202102012102120121012010201210120212012102120210201210212
010210120210201021201210201202120102012101201021012021020121021201021012021020120212
010201210201021202101201021201210212021012102010212021012010212012102012021201210212
010210120102012021012010212012102010212021012102010210120102120121020102120210120212
-
010201202102012102120102101202102012102120121012021201021012102010210120210201210212
010201202102010210120210201210120212012101201021012021020121021201021012021020120212
010201210201021202101201021201210212021012102010212021012010212012102012021201210212
010210120102012021012010212012102010212021012102010210120102120121020102120210120212
-
010201202102012102120102101202102012102120121012021012102120121020102120210201210212
010201202102010210120210201210120212012101201021012021020121021201021012021020120212
010210120102012021012010212021012102012101201021012021020121021201021012021020120212
010201210201021202101201021201210212021012102010212021012010212012102012021201210212
-
010201202102012102120102101202102012102120121012010201210120212012102120210201210212
010210120210201210212021012102120102012101201021012021020121021201021012021020120212
010201210201021202101201021201210212021012102010212021012010212012102012021201210212
010210120102012021012010212012102010212021012102010210120102120121020102120210120212
-
010201202102012102120102101202102012102120121012021201020120212012102120210201210212
010210120210201021012010201202120102012101201021012021020121021201021012021020120212
010201210201021202101201021201210212021012102010212021012010212012102012021201210212
010210120102012021012010212012102010212021012102010210120102120121020102120210120212
-
010201202102012102120102101202102012102120121012021201020120212012102120210201210212
010210120210201021012010201210120212012101201021012021020121021201021012021020120212
010201210201021202101201021201210212021012102010212021012010212012102012021201210212
010210120102012021012010212012102010212021012102010210120102120121020102120210120212
-
010201202102012102120102101202102012102120121012010201210120210201210212021020120212
010201202102012102120102101202102012102120121012021012102010212012102012021201210212
010210120210201021202102012102120102012101201021012021020121021201021012021020120212
010210120102012021012010212012102010212021012102010210120102120121020102120210120212
-
010201202102012102120102101202102012102120121012021201021012102010210120210201210212
010210120102012021012010212021012102012101201021012021020121021201021012021020120212
010201210201021202101201021201210212021012102010212021012010212012102012021201210212
010210120102012021012010212012102010212021012102010210120102120121020102120210120212
-
010201202102012102120102101202102012102120121012021012102010212012102012021201210212
010210120102012021012010212021012102012101201021012021020121021201021012021020120212
010201210201021202101201021201210212021012102010212021012010212012102012021201210212
010210120102012021012010212012102010212021012102010210120102120121020102120210120212
-
010201202102012102120102101202102012102120121012010201210120210201210212021020120212
010201202102012102120102101202102012102120121012021012102010212012102012021201210212
010210120210201021012010201210120212012101201021012021020121021201021012021020120212
010210120102012021012010212012102010212021012102010210120102120121020102120210120212
-
010201202102012102120102101202102012102120121012021201021012102010210120210201210212
010210120210201021012010201202120102012101201021012021020121021201021012021020120212
010201210201021202101201021201210212021012102010212021012010212012102012021201210212
010210120102012021012010212012102010212021012102010210120102120121020102120210120212
-
010201202102012102120102101202102012102120121012010201210120212012102120210201210212
010210120210201021012010201202120102012101201021012021020121021201021012021020120212
010201210201021202101201021201210212021012102010212021012010212012102012021201210212
010210120102012021012010212012102010212021012102010210120102120121020102120210120212
-
010201202102012102120102101202102012102120121012010201210120210201210212021020120212
010201202102012102120102101202102012102120121012021012102010212012102012021201210212
010201202102010210120210201210120212012101201021012021020121021201021012021020120212
010210120102012021012010212021012102012101201021012021020121021201021012021020120212
-
010201202102012102120102101202102012102120121012021201020120212012102120210201210212
010210120210201021202102012102120102012101201021012021020121021201021012021020120212
010201210201021202101201021201210212021012102010212021012010212012102012021201210212
010210120102012021012010212012102010212021012102010210120102120121020102120210120212
-
010201202102012102120102101202102012102120121012021201020120210120102120210201210212
010210120210201021202102012102120102012101201021012021020121021201021012021020120212
010201210201021202101201021201210212021012102010212021012010212012102012021201210212
010210120102012021012010212012102010212021012102010210120102120121020102120210120212
-
010201202102012102120102101202102012102120121012021201021012102010210120210201210212
010210120210201021012010201210120212012101201021012021020121021201021012021020120212
010201210201021202101201021201210212021012102010212021012010212012102012021201210212
010210120102012021012010212012102010212021012102010210120102120121020102120210120212
-
010201202102012102120102101202102012102120121012021012102010212012102012021201210212
010201202102010210120210201210120212012101201021012021020121021201021012021020120212
010201210201021202101201021201210212021012102010212021012010212012102012021201210212
010210120102012021012010212012102010212021012102010210120102120121020102120210120212
-
010201202102012102120102101202102012102120121012010201210120212012102120210201210212
010210120210201021012010201210120212012101201021012021020121021201021012021020120212
010201210201021202101201021201210212021012102010212021012010212012102012021201210212
010210120102012021012010212012102010212021012102010210120102120121020102120210120212
-
010201202102012102120102101202102012102120121012010201210120210201210212021020120212
010210120210201021202102012102120102012101201021012021020121021201021012021020120212
010201210201021202101201021201210212021012102010212021012010212012102012021201210212
010210120102012021012010212012102010212021012102010210120102120121020102120210120212
-
010201202102012102120102101202102012102120121012021012102010212012102012021201210212
010210120210201021201210201202120102012101201021012021020121021201021012021020120212
010201210201021202101201021201210212021012102010212021012010212012102012021201210212
010210120102012021012010212012102010212021012102010210120102120121020102120210120212
-
010201202102012102120102101202102012102120121012010201210120210201210212021020120212
010201202102012102120102101202102012102120121012021012102010212012102012021201210212
010201202102012102120102101202102012102120121012021020120212012102012021012102010212
010201202102010210120210201210120212012101201021012021020121021201021012021020120212
-
010201202102012102120102101202102012102120121012010201210120210201210212021020120212
010201202102012102120102101202102012102120121012021020120212012102012021012102010212
010201202102010210120210201210120212012101201021012021020121021201021012021020120212
010201210201021202101201021201210212021012102010212021012010212012102012021201210212
-
010201202102012102120102101202102012102120121012021012102120121020102120210201210212
010210120102012021012010212021012102012101201021012021020121021201021012021020120212
010201210201021202101201021201210212021012102010212021012010212012102012021201210212
010210120102012021012010212012102010212021012102010210120102120121020102120210120212
-
010201202102012102120102101202102012102120121012021201020120210120102120210201210212
010210120210201021201210201202120102012101201021012021020121021201021012021020120212
010201210201021202101201021201210212021012102010212021012010212012102012021201210212
010210120102012021012010212012102010212021012102010210120102120121020102120210120212
-
010201202102012102120102101202102012102120121012021201021012021020102120210201210212
010210120210201021012010201202120102012101201021012021020121021201021012021020120212
010201210201021202101201021201210212021012102010212021012010212012102012021201210212
010210120102012021012010212012102010212021012102010210120102120121020102120210120212
-
010201202102012102120102101202102012102120121012021201021012021020102120210201210212
010210120102012021012010212021012102012101201021012021020121021201021012021020120212
010201210201021202101201021201210212021012102010212021012010212012102012021201210212
010210120102012021012010212012102010212021012102010210120102120121020102120210120212
-
010201202102012102120102101202102012102120121012021012102120121020102120210201210212
010210120210201210212021012102120102012101201021012021020121021201021012021020120212
010201210201021202101201021201210212021012102010212021012010212012102012021201210212
010210120102012021012010212012102010212021012102010210120102120121020102120210120212
-
010201202102012102120102101202102012102120121012021201020120212012102120210201210212
010210120102012021012010212021012102012101201021012021020121021201021012021020120212
010201210201021202101201021201210212021012102010212021012010212012102012021201210212
010210120102012021012010212012102010212021012102010210120102120121020102120210120212
-
010201202102012102120102101202102012102120121012010201210120210201210212021020120212
010201202102012102120102101202102012102120121012021012102010212012102012021201210212
010210120210201210212021012102120102012101201021012021020121021201021012021020120212
010210120102012021012010212012102010212021012102010210120102120121020102120210120212
-
010201202102012102120102101202102012102120121012010201210120210201210212021020120212
010210120210201210212021012102120102012101201021012021020121021201021012021020120212
010201210201021202101201021201210212021012102010212021012010212012102012021201210212
010210120102012021012010212012102010212021012102010210120102120121020102120210120212
-
010201202102012102120102101202102012102120121012010201210120210201210212021020120212
010201202102010210120210201210120212012101201021012021020121021201021012021020120212
010210120102012021012010212021012102012101201021012021020121021201021012021020120212
010212021012102012021012010201202102012101201021012021020121021201021012021020120212
-
