0
1
2
3
01
12
13
20
23
30
32
012
123
130
203
231
301
320
0120
1231
1301
2032
2312
3013
3203
0123
1230
1302
2031
2310
3012
3201
01203
12310
13012
20321
23120
30132
32031
01230
12301
13021
20312
23102
30123
32013
01231
12302
13023
20310
23103
30120
32012
012031
123102
130123
203210
231203
301320
320312
012032
123103
130120
203213
231201
301321
320310
012302
123013
130210
203123
231021
301231
320130
012310
123021
130231
203102
231032
301203
320123
0120310
1231021
1301231
2032102
2312032
3013203
3203123
0120321
1231032
1301203
2032130
2312013
3013210
3203102
0123021
1230132
1302103
2031230
2310213
3012310
3201302
0123102
1230213
1302310
2031023
2310321
3012031
3201230
0123103
1230210
1302312
2031021
2310320
3012032
3201231
01203102
12310213
13012310
20321023
23120321
30132031
32031230
01203210
12310321
13012031
20321302
23120132
30132103
32031023
01203213
12310320
13012032
20321301
23120130
30132102
32031021
01230210
12301321
13021031
20312302
23102132
30123103
32013023
01230213
12301320
13021032
20312301
23102130
30123102
32013021
01231021
12302132
13023103
20310230
23103213
30120310
32012302
01231032
12302103
13023120
20310213
23103201
30120321
32012310
012031021
123102132
130123103
203210230
231203213
301320310
320312302
012031023
123102130
130123102
203210231
231203210
301320312
320312301
012032102
123103213
130120310
203213023
231201321
301321031
320310230
012032130
123103201
130120321
203213012
231201302
301321023
320310213
012302103
123013210
130210312
203123021
231021320
301231032
320130231
012302132
123013203
130210320
203123013
231021301
301231021
320130210
012310213
123021320
130231032
203102301
231032130
301203102
320123021
012310320
123021031
130231201
203102132
231032012
301203213
320123103
012310321
123021032
130231203
203102130
231032013
301203210
320123102
0120310213
1231021320
1301231032
2032102301
2312032130
3013203102
3203123021
0120310230
1231021301
1301231021
2032102312
2312032102
3013203123
3203123013
0120321023
1231032130
1301203102
2032130231
2312013210
3013210312
3203102301
0120321301
1231032012
1301203213
2032130120
2312013023
3013210230
3203102132
0120321302
1231032013
1301203210
2032130123
2312013021
3013210231
3203102130
0123021031
1230132102
1302103123
2031230210
2310213203
3012310320
3201302312
0123021032
1230132103
1302103120
2031230213
2310213201
3012310321
3201302310
0123021320
1230132031
1302103201
2031230132
2310213012
3012310213
3201302103
0123102130
1230213201
1302310321
2031023012
2310321302
3012031023
3201230213
0123102132
1230213203
1302310320
2031023013
2310321301
3012031021
3201230210
0123103201
1230210312
1302312013
2031021320
2310320123
3012032130
3201231032
0123103213
1230210320
1302312032
2031021301
2310320130
3012032102
3201231021