
01
02
10
12
20
21
010
012
020
021
101
102
120
121
201
202
210
212
0102
0120
0121
0201
0210
0212
1012
1020
1021
1201
1202
1210
2010
2012
2021
2101
2102
2120
01020
01021
01201
01202
01210
02010
02012
02101
02102
02120
10120
10121
10201
10210
10212
12010
12012
12021
12101
12102
20102
20120
20121
20210
20212
21012
21020
21021
21201
21202
010201
010210
010212
012010
012021
012101
012102
020102
020120
020121
021012
021020
021201
021202
101201
101202
101210
102010
102012
102101
102120
120102
120121
120210
120212
121012
121020
121021
201020
201021
201202
201210
202101
202102
202120
210120
210121
210201
210212
212010
212012
212021
0102010
0102012
0102101
0102120
0120102
0120210
0120212
0121012
0121020
0121021
0201020
0201021
0201202
0201210
0210120
0210121
0210201
0212010
0212012
0212021
1012010
1012021
1012101
1012102
1020102
1020120
1020121
1021012
1021201
1021202
1201020
1201021
1201210
1202101
1202102
1202120
1210120
1210121
1210201
1210212
2010201
2010210
2010212
2012021
2012101
2012102
2021012
2021020
2021201
2021202
2101201
2101202
2101210
2102010
2102012
2102120
2120102
2120121
2120210
2120212
01020120
01020121
01021012
01021201
01021202
01201020
01201021
01202101
01202102
01202120
01210120
01210201
01210212
02010210
02010212
02012021
02012101
02012102
02101201
02101202
02101210
02102010
02102012
02120102
02120121
02120210
10120102
10120210
10120212
10121020
10121021
10201021
10201202
10201210
10210120
10210121
10212010
10212012
10212021
12010201
12010210
12010212
12012101
12012102
12021012
12021020
12021201
12101201
12101202
12102010
12102012
12102120
20102012
20102101
20102120
20120210
20120212
20121012
20121020
20121021
20210120
20210121
20210201
20212010
20212012
21012010
21012021
21012102
21020102
21020120
21020121
21021201
21021202
21201020
21201021
21201210
21202101
21202102
010201202
010201210
010210120
010210121
010212010
010212012
010212021
012010201
012010210
012010212
012021012
012021020
012021201
012101201
012101202
012102010
012102012
012102120
020102101
020102120
020120210
020120212
020121012
020121020
020121021
021012010
021012021
021012102
021020102
021020120
021020121
021201020
021201021
021201210
021202101
021202102
101201020
101201021
101202101
101202102
101202120
101210201
101210212
102010210
102010212
102012021
102012101
102012102
102101201
102101202
102101210
102120102
102120121
102120210
120102012
120102101
120102120
120121012
120121020
120121021
120210120
120210121
120210201
120212010
120212012
121012010
121012021
121020102
121020120
121020121
121021201
121021202
201020120
201020121
201021012
201021201
201021202
201202101
201202102
201202120
201210120
201210201
201210212
202101201
202101202
202101210
202102010
202102012
202120102
202120121
210120102
210120210
210120212
210121020
210121021
210201021
210201202
210201210
210212010
210212012
210212021
212010201
212010210
212010212
212012101
212012102
212021012
212021020
0102012021
0102012101
0102012102
0102101201
0102101202
0102101210
0102120102
0102120121
0102120210
0120102012
0120102101
0120102120
0120210120
0120210121
0120210201
0120212010
0120212012
0121012010
0121012021
0121020102
0121020120
0121020121
0121021201
0121021202
0201021012
0201021201
0201021202
0201202101
0201202102
0201202120
0201210120
0201210201
0201210212
0210120102
0210120210
0210120212
0210121020
0210121021
0210201021
0210201202
0210201210
0212010201
0212010210
0212010212
0212012101
0212012102
0212021012
0212021020
1012010201
1012010210
1012010212
1012021012
1012021020
1012021201
1012102010
1012102012
1012102120
1020102101
1020102120
1020120210
1020120212
1020121012
1020121020
1020121021
1021012010
1021012021
1021012102
1021201020
1021201021
1021201210
1021202101
1021202102
1201020120
1201020121
1201021012
1201021201
1201021202
1201210120
1201210201
1201210212
1202101201
1202101202
1202101210
1202102010
1202102012
1202120102
1202120121
1210120102
1210120210
1210120212
1210201021
1210201202
1210201210
1210212010
1210212012
1210212021
2010201202
2010201210
2010210120
2010210121
2010212010
2010212012
2010212021
2012021012
2012021020
2012021201
2012101201
2012101202
2012102010
2012102012
2012102120
2021012010
2021012021
2021012102
2021020102
2021020120
2021020121
2021201020
2021201021
2021201210
2101201020
2101201021
2101202101
2101202102
2101202120
2101210201
2101210212
2102010210
2102010212
2102012021
2102012101
2102012102
2102120102
2102120121
2102120210
2120102012
2120102101
2120102120
2120121012
2120121020
2120121021
2120210120
2120210121
2120210201
01020120210
01020120212
01020121012
01020121020
01020121021
01021012010
01021012021
01021012102
01021201020
01021201021
01021201210
01021202101
01021202102
01201020120
01201020121
01201021012
01201021201
01201021202
01202101201
01202101202
01202101210
01202102010
01202102012
01202120102
01202120121
01210120102
01210120210
01210120212
01210201021
01210201202
01210201210
01210212010
01210212012
01210212021
02010210120
02010210121
02010212010
02010212012
02010212021
02012021012
02012021020
02012021201
02012101201
02012101202
02012102010
02012102012
02012102120
02101201020
02101201021
02101202101
02101202102
02101202120
02101210201
02101210212
02102010210
02102010212
02102012021
02102012101
02102012102
02120102012
02120102101
02120102120
02120121012
02120121020
02120121021
02120210120
02120210121
02120210201
10120102012
10120102101
10120102120
10120210120
10120210121
10120210201
10120212010
10120212012
10121020102
10121020120
10121020121
10121021201
10121021202
10201021012
10201021201
10201021202
10201202101
10201202102
10201202120
10201210120
10201210201
10201210212
10210120102
10210120210
10210120212
10210121020
10210121021
10212010201
10212010210
10212010212
10212012101
10212012102
10212021012
10212021020
12010201202
12010201210
12010210120
12010210121
12010212010
12010212012
12010212021
12012101201
12012101202
12012102010
12012102012
12012102120
12021012010
12021012021
12021012102
12021020102
12021020120
12021020121
12021201020
12021201021
12021201210
12101201020
12101201021
12101202101
12101202102
12101202120
12102010210
12102010212
12102012021
12102012101
12102012102
12102120102
12102120121
12102120210
20102012021
20102012101
20102012102
20102101201
20102101202
20102101210
20102120102
20102120121
20102120210
20120210120
20120210121
20120210201
20120212010
20120212012
20121012010
20121012021
20121020102
20121020120
20121020121
20121021201
20121021202
20210120102
20210120210
20210120212
20210121020
20210121021
20210201021
20210201202
20210201210
20212010201
20212010210
20212010212
20212012101
20212012102
21012010201
21012010210
21012010212
21012021012
21012021020
21012021201
21012102010
21012102012
21012102120
21020102101
21020102120
21020120210
21020120212
21020121012
21020121020
21020121021
21021201020
21021201021
21021201210
21021202101
21021202102
21201020120
21201020121
21201021012
21201021201
21201021202
21201210120
21201210201
21201210212
21202101201
21202101202
21202101210
21202102010
21202102012
010201202101
010201202102
010201202120
010201210120
010201210201
010201210212
010210120102
010210120210
010210120212
010210121020
010210121021
010212010201
010212010210
010212012101
010212012102
010212021012
010212021020
012010201202
012010201210
012010210120
012010210121
012010212010
012010212012
012010212021
012021012010
012021012102
012021020102
012021020120
012021020121
012021201020
012021201021
012021201210
012101201020
012101201021
012101202101
012101202102
012101202120
012102010210
012102010212
012102012021
012102012101
012102120102
012102120121
012102120210
020102101201
020102101202
020102101210
020102120102
020102120121
020102120210
020120210120
020120210121
020120210201
020120212010
020120212012
020121012010
020121012021
020121020102
020121020120
020121021201
020121021202
021012010201
021012010210
021012010212
021012021020
021012021201
021012102010
021012102012
021012102120
021020102101
021020102120
021020120210
021020120212
021020121012
021020121020
021020121021
021201020120
021201020121
021201021012
021201021202
021201210120
021201210201
021201210212
021202101201
021202101202
021202101210
021202102010
021202102012
101201020120
101201020121
101201021012
101201021201
101201021202
101202101201
101202101210
101202102010
101202102012
101202120102
101202120121
101210201021
101210201202
101210201210
101210212010
101210212012
101210212021
102010210120
102010210121
102010212010
102010212012
102010212021
102012021012
102012021020
102012021201
102012101201
102012101202
102012102010
102012102120
102101201020
102101201021
102101202101
102101202102
102101202120
102101210201
102101210212
102120102012
102120102101
102120121012
102120121020
102120121021
102120210120
102120210121
102120210201
120102012021
120102012101
120102012102
120102101201
120102101202
120102101210
120102120121
120102120210
120121012010
120121012021
120121020102
120121020120
120121020121
120121021201
120121021202
120210120102
120210120212
120210121020
120210121021
120210201021
120210201202
120210201210
120212010201
120212010210
120212010212
120212012101
120212012102
121012010201
121012010210
121012010212
121012021012
121012021020
121012021201
121020102101
121020102120
121020120210
121020120212
121020121012
121020121021
121021201020
121021201021
121021201210
121021202101
121021202102
201020120210
201020120212
201020121012
201020121020
201020121021
201021012010
201021012021
201021012102
201021201020
201021201210
201021202101
201021202102
201202101201
201202101202
201202101210
201202102010
201202102012
201202120102
201202120121
201210120102
201210120210
201210120212
201210201021
201210201202
201210212010
201210212012
201210212021
202101201020
202101201021
202101202102
202101202120
202101210201
202101210212
202102010210
202102010212
202102012021
202102012101
202102012102
202120102012
202120102101
202120102120
202120121012
202120121020
202120121021
210120102012
210120102101
210120102120
210120210121
210120210201
210120212010
210120212012
210121020102
210121020120
210121020121
210121021201
210121021202
210201021012
210201021201
210201021202
210201202101
210201202102
210201202120
210201210120
210201210212
210212010201
210212010210
210212010212
210212012101
210212012102
210212021012
210212021020
212010201202
212010201210
212010210120
212010210121
212010212012
212010212021
212012101201
212012101202
212012102010
212012102012
212012102120
212021012010
212021012021
212021012102
212021020102
212021020120
212021020121
0102012021012
0102012021020
0102012021201
0102012101201
0102012101202
0102012102010
0102012102120
0102101201020
0102101201021
0102101202101
0102101202102
0102101202120
0102101210201
0102101210212
0102120102012
0102120102101
0102120121012
0102120121020
0102120121021
0102120210120
0102120210121
0102120210201
0120102012021
0120102012101
0120102012102
0120102101201
0120102101202
0120102101210
0120102120121
0120102120210
0120210120102
0120210121020
0120210121021
0120210201021
0120210201202
0120210201210
0120212010201
0120212010210
0120212010212
0120212012101
0120212012102
0121012010201
0121012010210
0121012010212
0121012021012
0121012021020
0121012021201
0121020102101
0121020102120
0121020120210
0121020120212
0121020121012
0121021201020
0121021201021
0121021201210
0121021202101
0121021202102
0201021012010
0201021012021
0201021012102
0201021201020
0201021201210
0201021202101
0201021202102
0201202101201
0201202101202
0201202101210
0201202102010
0201202102012
0201202120102
0201202120121
0201210120102
0201210120210
0201210120212
0201210201021
0201210201202
0201210212010
0201210212012
0201210212021
0210120102012
0210120102101
0210120102120
0210120210201
0210120212010
0210120212012
0210121020102
0210121020120
0210121020121
0210121021201
0210121021202
0210201021012
0210201021201
0210201021202
0210201202101
0210201202102
0210201202120
0210201210120
0210201210212
0212010201202
0212010201210
0212010210120
0212010210121
0212010212021
0212012101201
0212012101202
0212012102010
0212012102012
0212012102120
0212021012010
0212021012021
0212021012102
0212021020102
0212021020120
0212021020121
1012010201202
1012010201210
1012010210120
1012010210121
1012010212010
1012010212012
1012010212021
1012021012010
1012021012102
1012021020102
1012021020120
1012021020121
1012021201020
1012021201021
1012021201210
1012102010210
1012102010212
1012102012021
1012102012101
1012102120102
1012102120121
1012102120210
1020102101201
1020102101202
1020102101210
1020102120102
1020102120121
1020102120210
1020120210120
1020120210121
1020120210201
1020120212010
1020120212012
1020121012010
1020121012021
1020121020102
1020121021201
1020121021202
1021012010201
1021012010210
1021012010212
1021012021020
1021012021201
1021012102010
1021012102012
1021012102120
1021201020120
1021201020121
1021201021012
1021201210120
1021201210201
1021201210212
1021202101201
1021202101202
1021202101210
1021202102010
1021202102012
1201020120210
1201020120212
1201020121012
1201020121020
1201020121021
1201021012010
1201021012021
1201021012102
1201021201210
1201021202101
1201021202102
1201210120102
1201210120210
1201210120212
1201210201021
1201210201202
1201210212010
1201210212012
1201210212021
1202101201020
1202101201021
1202101202120
1202101210201
1202101210212
1202102010210
1202102010212
1202102012021
1202102012101
1202102012102
1202120102012
1202120102101
1202120102120
1202120121012
1202120121020
1202120121021
1210120102012
1210120102101
1210120102120
1210120210121
1210120210201
1210120212010
1210120212012
1210201021012
1210201021201
1210201021202
1210201202101
1210201202102
1210201202120
1210201210120
1210201210212
1210212010201
1210212010210
1210212010212
1210212012101
1210212012102
1210212021012
1210212021020
2010201202101
2010201202102
2010201202120
2010201210120
2010201210201
2010201210212
2010210120102
2010210120210
2010210120212
2010210121020
2010210121021
2010212010201
2010212012101
2010212012102
2010212021012
2010212021020
2012021012010
2012021012102
2012021020102
2012021020120
2012021020121
2012021201020
2012021201021
2012021201210
2012101201020
2012101201021
2012101202101
2012101202102
2012101202120
2012102010210
2012102010212
2012102012021
2012102120102
2012102120121
2012102120210
2021012010201
2021012010210
2021012010212
2021012021020
2021012021201
2021012102010
2021012102012
2021012102120
2021020102101
2021020102120
2021020120210
2021020120212
2021020121012
2021020121020
2021020121021
2021201020120
2021201020121
2021201021012
2021201021202
2021201210120
2021201210201
2021201210212
2101201020120
2101201020121
2101201021012
2101201021201
2101201021202
2101202101210
2101202102010
2101202102012
2101202120102
2101202120121
2101210201021
2101210201202
2101210201210
2101210212010
2101210212012
2101210212021
2102010210120
2102010210121
2102010212010
2102010212012
2102010212021
2102012021012
2102012021020
2102012021201
2102012101201
2102012101202
2102012102120
2102120102012
2102120102101
2102120121012
2102120121020
2102120121021
2102120210120
2102120210121
2102120210201
2120102012021
2120102012101
2120102012102
2120102101201
2120102101202
2120102101210
2120102120121
2120102120210
2120121012010
2120121012021
2120121020102
2120121020120
2120121020121
2120121021201
2120121021202
2120210120102
2120210120212
2120210121020
2120210121021
2120210201021
2120210201202
2120210201210
01020120210120
01020120210121
01020120210201
01020120212010
01020120212012
01020121012010
01020121012021
01020121020102
01020121021201
01020121021202
01021012010201
01021012010210
01021012010212
01021012021020
01021012021201
01021012102010
01021012102012
01021012102120
01021201020120
01021201020121
01021201021012
01021201210120
01021201210201
01021201210212
01021202101201
01021202101202
01021202101210
01021202102010
01021202102012
01201020120210
01201020120212
01201020121012
01201020121020
01201020121021
01201021012010
01201021012021
01201021012102
01201021201210
01201021202101
01201021202102
01202101201020
01202101201021
01202101210201
01202101210212
01202102010210
01202102010212
01202102012021
01202102012101
01202102012102
01202120102012
01202120102101
01202120102120
01202120121012
01202120121020
01202120121021
01210120102012
01210120102101
01210120102120
01210120210121
01210120210201
01210120212010
01210120212012
01210201021012
01210201021201
01210201021202
01210201202101
01210201202102
01210201202120
01210201210120
01210212010201
01210212010210
01210212010212
01210212012101
01210212012102
01210212021012
01210212021020
02010210120102
02010210120210
02010210120212
02010210121020
02010210121021
02010212010201
02010212012101
02010212012102
02010212021012
02010212021020
02012021012010
02012021012102
02012021020102
02012021020120
02012021020121
02012021201020
02012021201021
02012021201210
02012101201020
02012101201021
02012101202101
02012101202102
02012101202120
02012102010210
02012102010212
02012102012021
02012102120102
02012102120121
02012102120210
02101201020120
02101201020121
02101201021012
02101201021201
02101201021202
02101202102010
02101202102012
02101202120102
02101202120121
02101210201021
02101210201202
02101210201210
02101210212010
02101210212012
02101210212021
02102010210120
02102010210121
02102010212010
02102010212012
02102010212021
02102012021012
02102012021020
02102012021201
02102012101201
02102012101202
02102012102120
02120102012021
02120102012101
02120102012102
02120102101201
02120102101202
02120102101210
02120102120210
02120121012010
02120121012021
02120121020102
02120121020120
02120121020121
02120121021201
02120121021202
02120210120102
02120210120212
02120210121020
02120210121021
02120210201021
02120210201202
02120210201210
10120102012021
10120102012101
10120102012102
10120102101201
10120102101202
10120102101210
10120102120121
10120102120210
10120210120102
10120210121020
10120210121021
10120210201021
10120210201202
10120210201210
10120212010201
10120212010210
10120212010212
10120212012101
10120212012102
10121020102101
10121020102120
10121020120210
10121020120212
10121020121012
10121021201020
10121021201021
10121021201210
10121021202101
10121021202102
10201021012010
10201021012021
10201021012102
10201021201020
10201021201210
10201021202101
10201021202102
10201202101201
10201202101202
10201202101210
10201202102010
10201202102012
10201202120102
10201202120121
10201210120102
10201210120210
10201210120212
10201210201021
10201210212010
10201210212012
10201210212021
10210120102012
10210120102101
10210120102120
10210120210201
10210120212010
10210120212012
10210121020102
10210121020120
10210121020121
10210121021201
10210121021202
10212010201202
10212010201210
10212010210120
10212010210121
10212012101201
10212012101202
10212012102010
10212012102012
10212012102120
10212021012010
10212021012021
10212021012102
10212021020102
10212021020120
10212021020121
12010201202101
12010201202102
12010201202120
12010201210120
12010201210201
12010201210212
12010210120102
12010210120210
12010210120212
12010210121020
12010210121021
12010212012101
12010212012102
12010212021012
12010212021020
12012101201020
12012101201021
12012101202101
12012101202102
12012101202120
12012102010210
12012102010212
12012102012021
12012102120102
12012102120121
12012102120210
12021012010201
12021012010210
12021012010212
12021012021201
12021012102010
12021012102012
12021012102120
12021020102101
12021020102120
12021020120210
12021020120212
12021020121012
12021020121020
12021020121021
12021201020120
12021201020121
12021201021012
12021201021202
12021201210120
12021201210201
12021201210212
12101201020120
12101201020121
12101201021012
12101201021201
12101201021202
12101202101210
12101202102010
12101202102012
12101202120102
12101202120121
12102010210120
12102010210121
12102010212010
12102010212012
12102010212021
12102012021012
12102012021020
12102012021201
12102012101201
12102012101202
12102012102120
12102120102012
12102120102101
12102120121012
12102120121020
12102120121021
12102120210120
12102120210121
12102120210201
20102012021012
20102012021020
20102012021201
20102012101201
20102012101202
20102012102010
20102012102120
20102101201020
20102101201021
20102101202101
20102101202102
20102101202120
20102101210201
20102101210212
20102120102012
20102120121012
20102120121020
20102120121021
20102120210120
20102120210121
20102120210201
20120210120102
20120210121020
20120210121021
20120210201021
20120210201202
20120210201210
20120212010201
20120212010210
20120212010212
20120212012101
20120212012102
20121012010201
20121012010210
20121012010212
20121012021012
20121012021020
20121012021201
20121020102101
20121020102120
20121020120210
20121020120212
20121021201020
20121021201021
20121021201210
20121021202101
20121021202102
20210120102012
20210120102101
20210120102120
20210120210201
20210120212010
20210120212012
20210121020102
20210121020120
20210121020121
20210121021201
20210121021202
20210201021012
20210201021201
20210201021202
20210201202101
20210201202102
20210201202120
20210201210120
20210201210212
20212010201202
20212010201210
20212010210120
20212010210121
20212010212021
20212012101201
20212012101202
20212012102010
20212012102012
20212012102120
21012010201202
21012010201210
21012010210120
21012010210121
21012010212010
21012010212012
21012010212021
21012021012102
21012021020102
21012021020120
21012021020121
21012021201020
21012021201021
21012021201210
21012102010210
21012102010212
21012102012021
21012102012101
21012102120102
21012102120121
21012102120210
21020102101201
21020102101202
21020102101210
21020102120102
21020102120121
21020102120210
21020120210120
21020120210121
21020120210201
21020120212010
21020120212012
21020121012010
21020121012021
21020121021201
21020121021202
21021201020120
21021201020121
21021201021012
21021201210120
21021201210201
21021201210212
21021202101201
21021202101202
21021202101210
21021202102010
21021202102012
21201020120210
21201020120212
21201020121012
21201020121020
21201020121021
21201021012010
21201021012021
21201021012102
21201021201210
21201021202101
21201021202102
21201210120102
21201210120210
21201210120212
21201210201021
21201210201202
21201210212010
21201210212012
21201210212021
21202101201020
21202101201021
21202101202120
21202101210201
21202101210212
21202102010210
21202102010212
21202102012021
21202102012101
21202102012102