
01021012021020120210121021201021012010212012102120102101201020120210201210212
01021012021020120212012102120102101201021201210212010210121020120210201210212
01021012021020102120210121021201021012010212012102120102101201020120210201210212
01021012021020120212012102120102101201021201210212010210121020102120210201210212
0102101202102012021012102120102101201021201210212010210120102012102120210201210212
0102101202102012102120210121021201021012010212012102120102101201020120210201210212
0102101202102012021201210201202102012102120121020120210201021201020120210201210212
0102101202102010210120212012102120102101201021201210212010210121020120210201210212
0102101202102012021201210212010210120102120121021201021012102010210120210201210212
0102101202102012021201021202102012021012010210120210201202101201020120210201210212
01021012021020121012010210121021201021012010212012102120102101201020120210201210212
01021012021020120212012102120102101201021201210212010210121021201210120210201210212
010210120210201202120121020120210201210212012102012021020102101201020120210201210212
010210120210201202120121021202102012021012010210120210201202101201020120210201210212
0102101202102010212021012102120102101201021201210212010210120102012102120210201210212
0102101202102012021012010210121021201021012010212012102120102101201020120210201210212
0102101202102010210120212012102120102101201021201210212010210121020102120210201210212
0102101202102012021201210212010210120102120121021201021012102120121020120210201210212
010210120210201210212021012102120102101201021201210212010210120102012102120210201210212
010210120210201021012021201210201202102012102120121020120210201021201020120210201210212
010210120210201202120121020120210201210212012102012021020102120102012102120210201210212
010210120210201021012021201210212010210120102120121021201021012102010210120210201210212
010210120210201021012021201021202102012021012010210120210201202101201020120210201210212
010210120210201202120102120210201202101201021012021020120210120102012102120210201210212
0102101202102012101201021012102120102101201021201210212010210120102012102120210201210212
0102101202102010210120212012102120102101201021201210212010210121021201210120210201210212
01021012021020102101201020120210121021201021012010212012102120102101201020120210201210212
01021012021020120210120102120210121021201021012010212012102120102101201020120210201210212
01021012021020120212012102012021020121021201210201202102010210120102012102120210201210212
01021012021020120212012102120102101201021201210212010210121020102120121020120210201210212
01021012021020120212012102120102101201021201210212010210121020120212012102120210201210212
01021012021020102101202120121021202102012021012010210120210201202101201020120210201210212
010210120210201202101201021012102120102101201021201210212010210120102012102120210201210212
010210120210201202101210212010210120102120121021201021012010201210212010210120210201210212
010210120210201021012021201210212010210120102120121021201021012102120121020120210201210212
010210120210201210212010210120212012102120102101201021201210212010210121020120210201210212
010210120210201210212010201202102012102120121020120210201210212021012010210120210201210212
010210120210201202101201021201210201021012010212012102120102101201021201210120210201210212
010210120210201210212012102010210120210201202101201021012021020120212010210120210201210212
010210120210201210120102120121021201021012010212012102120210120102120121020120210201210212
01021012021020102101202120121020120210201210212012102012021020102120102012102120210201210212
01021012021020102120121012021201210201202102012102120121020120210201021201020120210201210212
01021012021020120212012102012021020121021201210201202102010210120102120121020120210201210212
01021012021020102101202120102120210201202101201021012021020120210120102012102120210201210212
01021012021020120210120102120121021202102012021012010210120210201202101201020120210201210212
01021012021020120212010212021020120210120102101202102012021012010201210120102120210201210212
010210120210201021202101210212010210120102120121021201021012010201210212010210120210201210212
010210120210201021202102012102120210121021201021012010212012102120102101201020120210201210212
010210120210201202101210212010210120102120121021201021012010201210201021201020120210201210212
010210120210201202120102012102120210121021201021012010212012102120102101201020120210201210212
010210120210201210212021012102010210121021201021012010212012102120102101201020120210201210212
010210120210201021202102012021201210201202102012102120121020120210201021201020120210201210212
010210120210201202120102120210120212012102120102101201021201210212010210121020120210201210212
010210120210201202120121021201021012010212012102120102101210201021012021020102120210201210212
010210120210201202120121021201021012010212012102120102101210201021012021201020120210201210212
010210120210201210212010210120212012102120102101201021201210212010210121020102120210201210212
010210120210201202120121021201021012010212012102120102101210212021012102010210120210201210212
010210120210201210212010201202102012102120121020120210201210212021012102010210120210201210212
010210120210201202120102120210201202101201021012021020120210120102012021020102120210201210212
010210120210201021202101210212021020121021201210201202102012102120121012010210120210201210212
010210120210201021202101201021201210201021012010212012102120102101201021201210120210201210212
010210120210201210212021012102010210120210201202101201021012021020120212010210120210201210212
010210120210201210212012101201021012021020120210120102101202102010210121020102120210201210212
010210120210201210120102120121021201021012010212012102120210120102120121020102120210201210212