-
0102101202102010212012101202120121020102120210201210212
0102101202102010212021012010201210120102120210201210212
0102101202102012102120121012010212012102120210201210212
0102101202102012102120210201202101201020120210201210212
-
0102101202102010210120102120121012010210120210201210212
0102101202102010212012101202120121020102120210201210212
0102101202102010212021012010201210120102120210201210212
0102101202102012021201210201202102010210120210201210212
-
0102101202102010210120102120121012010210120210201210212
0102101202102010212012101202120121020102120210201210212
0102101202102010212021012010201210120102120210201210212
0102101202102012021201210201202101201020120210201210212
-
0102101202102010212012101202120121020102120210201210212
0102101202102010212021012010201210120102120210201210212
0102101202102012021201210201202101201020120210201210212
0102101202102012102120121012010212012102120210201210212