01020120210121020120212010201210120102120210201210212
01020120210121020120212010210121020102120210201210212
01020120210201210120212012102010210120210201210120212
01021012021020102120121020120210201021012010201210212
-
01020120210121020120212010201210120102120210201210212
01020120210201210120212012102010210120210201210120212
01021012021020102120121020120210120102120210201210212
01021012021020120212010210121021201210120210201210212
-
01020120210121020120212010201210120102120210201210212
01020120210201210120212012102010210120210201210120212
01021012021020102120121020120210201021012010201210212
01021012021020120212010210121021201210120210201210212
-
01020120210121020120212010201210120102120210201210212
01021012021020102120121020120210201021012010201210212
01021012021020120212010210121021201210120210201210212
01021012021201210212021020120210120102120210201210212
-
01020120210121020120212010201210120102120210201210212
01021012021020102120121020120210201021012010201210212
01021012021020121012010210121021201210120210201210212
01021012021201210212021020120210120102120210201210212
-
01020120210121020120212010210121020102120210201210212
01020120210201210120212012102010210120210201210120212
01021012021020102120121020120210120102120210201210212
01021012021020120212010210121021201210120210201210212
-
01020120210121020120212010210121020102120210201210212
01020120210201210120212012102010210120210201210120212
01021012021020102120121020120210201021012010201210212
01021012021020120212010210121021201210120210201210212
-
01020120210121020120212010210121020102120210201210212
01021012021020102120121020120210201021012010201210212
01021012021020120212010210121021201210120210201210212
01021012021201210212021020120210120102120210201210212
-
01020120210121020120212010210121020102120210201210212
01021012021020102120121020120210201021012010201210212
01021012021020121012010210121021201210120210201210212
01021012021201210212021020120210120102120210201210212
-
01020121012021020121021202101201020121012021020120212
01021012021020102120121012021201020120210121020120212
01021012021020102120121020120210120102120210201210212
01021012021020121012010210121021201020120210201210212
-
01020121012021020121021202101201020121012021020120212
01021012021020102120121012021201020120210121020120212
01021012021020102120210121021201020120210121020120212
01021012021201210212021020120210120102120210201210212
-
01020121012021020121021202101201020121012021020120212
01021012021020102120121012021201020120210121020120212
01021012021020121012010210121021201020120210201210212
01021012021201210212021020120210120102120210201210212
-
01020121012021020121021202101201020121012021020120212
01021012021020102120121020120210120102120210201210212
01021012021020102120210121021201020120210121020120212
01021012021020121012010210121021201020120210201210212
-
01020121012021020121021202101201020121012021020120212
01021012021020102120210121021201020120210121020120212
01021012021020121012010210121021201020120210201210212
01021012021201210212021020120210120102120210201210212
-
01021012021020102120121012021201020120210121020120212
01021012021020102120121020120210201021012010201210212
01021012021020121012010210121021201020120210201210212
01021012021201210212021020120210120102120210201210212
-
01021012021020102120121012021201020120210121020120212
01021012021020102120121020120210201021012010201210212
01021012021020121012010210121021201210120210201210212
01021012021201210212021020120210120102120210201210212
-
01021012021020102120121020120210201021012010201210212
01021012021020102120210121021201020120210121020120212
01021012021020121012010210121021201020120210201210212
01021012021201210212021020120210120102120210201210212
-
01021012021020102120121020120210201021012010201210212
01021012021020102120210121021201020120210121020120212
01021012021020121012010210121021201210120210201210212
01021012021201210212021020120210120102120210201210212
-
01021012021020102120121020120210201021012010201210212
01021012021020120212010210121021201020120210201210212
01021012021020121012010210121021201210120210201210212
01021012021201210212021020120210120102120210201210212
-
01021012021020102120121020120210201021012010201210212
01021012021020120212010210121021201210120210201210212
01021012021020121012010210121021201020120210201210212
01021012021201210212021020120210120102120210201210212
-