0102101202102010210121021201020121012021201021012102120210201210212
0102101202102010212012101202120102012021012010201210120210201210212
0102101202102010212012101202120102101210212010201210120210201210212
0102101202102010212012102012021012010210121021201020120210201210212
-
0102101202102010210121021201020121012021201021012102120210201210212
0102101202102010212012101202120102012021012010201210120210201210212
0102101202102010212012101202120102101210212010201210120210201210212
0102101202102010212012102012021012010212012101201020120210201210212
-
0102101202102010210121021201020121012021201021012102120210201210212
0102101202102010212012101202120102012021012010201210120210201210212
0102101202102010212012101202120102101210212010201210120210201210212
0102101202102010212012102012021012102120102101201020120210201210212
-
0102101202102010210121021201020121012021201021012102120210201210212
0102101202102010212012101202120102012021012010201210120210201210212
0102101202102010212012101202120102101210212010201210120210201210212
0102101202102010212012102120210201202120102101201020120210201210212
-
0102101202102010210121021201020121012021201021012102120210201210212
0102101202102010212012101202120102012021012010201210120210201210212
0102101202102010212012101202120102101210212010201210120210201210212
0102101202102010212021012102120121012010210121020102120210201210212
-
0102101202102010210121021201020121012021201021012102120210201210212
0102101202102010212012101202120102012021012010201210120210201210212
0102101202102010212012102012021012010210121021201020120210201210212
0102101202102010212012102012021012102120102101201020120210201210212
-
0102101202102010210121021201020121012021201021012102120210201210212
0102101202102010212012101202120102012021012010201210120210201210212
0102101202102010212012102012021012010210121021201020120210201210212
0102101202102010212012102120210201202120102101201020120210201210212
-
0102101202102010210121021201020121012021201021012102120210201210212
0102101202102010212012101202120102012021012010201210120210201210212
0102101202102010212012102012021012010210121021201020120210201210212
0102101202102010212021012102120121012010210121020102120210201210212
-
0102101202102010210121021201020121012021201021012102120210201210212
0102101202102010212012101202120102012021012010201210120210201210212
0102101202102010212012102012021012010210121021201210120210201210212
0102101202102010212012102120210201202120102101201020120210201210212
-
0102101202102010210121021201020121012021201021012102120210201210212
0102101202102010212012101202120102012021012010201210120210201210212
0102101202102010212012102012021012010210121021201210120210201210212
0102101202102010212021012102120121012010210121020102120210201210212
-
0102101202102010210121021201020121012021201021012102120210201210212
0102101202102010212012101202120102012021012010201210120210201210212
0102101202102010212012102012021012010212012101201020120210201210212
0102101202102010212012102012021012102120102101201020120210201210212
-
0102101202102010210121021201020121012021201021012102120210201210212
0102101202102010212012101202120102012021012010201210120210201210212
0102101202102010212012102012021012010212012101201020120210201210212
0102101202102010212012102120210201202120102101201020120210201210212
-
0102101202102010210121021201020121012021201021012102120210201210212
0102101202102010212012101202120102012021012010201210120210201210212
0102101202102010212012102012021012010212012101201020120210201210212
0102101202102010212021012102120121012010210121020102120210201210212
-
0102101202102010210121021201020121012021201021012102120210201210212
0102101202102010212012101202120102012021012010201210120210201210212
0102101202102010212012102012021012102120102101201020120210201210212
0102101202102010212021012102120121012010210121020102120210201210212
-
0102101202102010210121021201020121012021201021012102120210201210212
0102101202102010212012101202120102012021012010201210120210201210212
0102101202102010212012102120210201202120102101201020120210201210212
0102101202102010212021012102120121012010210121020102120210201210212
-
0102101202102010210121021201020121012021201021012102120210201210212
0102101202102010212012101202120102101210212010201210120210201210212
0102101202102010212012102012021012010210121021201020120210201210212
0102101202102010212012102012021012102120102101201020120210201210212
-
0102101202102010210121021201020121012021201021012102120210201210212
0102101202102010212012101202120102101210212010201210120210201210212
0102101202102010212012102012021012010210121021201020120210201210212
0102101202102010212012102120210201202120102101201020120210201210212
-
0102101202102010210121021201020121012021201021012102120210201210212
0102101202102010212012101202120102101210212010201210120210201210212
0102101202102010212012102012021012010210121021201020120210201210212
0102101202102010212021012102120102012021012010201210120210201210212
-
0102101202102010210121021201020121012021201021012102120210201210212
0102101202102010212012101202120102101210212010201210120210201210212
0102101202102010212012102012021012010210121021201020120210201210212
0102101202102010212021012102120121012010210121020102120210201210212
-
0102101202102010210121021201020121012021201021012102120210201210212
0102101202102010212012101202120102101210212010201210120210201210212
0102101202102010212012102012021012010210121021201210120210201210212
0102101202102010212012102120210201202120102101201020120210201210212
-