
010210120210201210212
01020120210121020120212
010201210120210201210212
010210120210201210120212
01021202102012101202102010212
010210120210201021012010201210212
010210120212012102120210201210212
0102120121012021201020121012010212
01021012021020121021201020121012010212
01021201210120212010210120210201210212
010210120210201021012010201202102010212
010212021020120212012102120210201210212
0102012021012102012021201020121012010212
0102012021012102012021201021012102010212
0102012021020121012010210120210201210212
0102012021020121021201021012021020120212
0102101202102012102120102101202102010212
0102101202102012102120121012021020120212
0102120121012021201020120210121020120212
0102120210121021201020120210121020120212
0102120210201210212010210120210201210212
01020121012021020121021201020121012010212
01021012021020102101201020120210201210212
01021012021020120212012102120210201210212
01021012021020121012021201020121012010212
01021012021020121021201021012010201210212
01021012021201210212010210120210201210212
01021201020120212012102012021012102010212
01021201210120212010201210120210201210212
01021201210120212010210120210201210120212
01021202101210201202101201020120212010212
010210120210201021202101210212010201210212
010210120212010210121020102120210201210212
0102101202102010212012102012021012102010212
0102101202120121021202102012101202102010212
0102120210121020120210120102120210201210212
0102120210201210120210201021012010201210212
01020120210121020120212010210120210201210212
01020120210121020120212012102120210201210212
01020120210201210212010210120210201210120212
01020121012021020121021201021012010201210212
01020121012021020121021201021012021020120212
01021012021020102101201020120210121020120212
01021012021020121012010212021012010201210212
01021012021020121021201020120210121020120212
01021012021201210201021201210120210201210212
01021012021201210212010210120210201210120212
010201202102010210120212012102120210201210212
010210120210201021012010201210120210201210212
010210120210201021012010201210212021020120212
010210120210201210120212010210120210201210212
010210120210201210120212012102120210201210212
010210120210201210212010201210120210201210212
010210120210201210212010210120212010201210212
010210120212010201210212010210120210201210212
010212012102012021201210120102012021012010212
010212021012102010212012102012021012102010212
010212021012102012021012010212021012102010212
0102012021020121021202102010210120210201210212
0102012101202102012102120102012101202102010212
0102101201021201210201021202101201021201210212
0102101202102012102120210201021012010201210212
0102101202102012102120210201021012021020120212
0102101202120121021202102010210120210201210212
0102120210201202101201021201210201202102010212
0102120210201210120212010210120210201210120212
01020120210121020120212010201210120210201210212
01020120210121020120212010210120210201210120212
01020121012021020121021201020120210121020120212
01021012021020102101210212010210120210201210212
01021012021020102120121012021201020121012010212
01021012021020102120210121021201020121012010212
01021012021020121012021201020120210121020120212
01021012021020121021201021012010201202102010212
01021012021020121021201021012102120210201210212
01021012021020121021201210120102012021012010212
01021201210120212010201210120102120210201210212
01021201210120212010210121020102120210201210212
01021201210201202120121012010210120210201210212
01021202102012021201210212010210120210201210212
010201210120210201210212010210120210201210120212
010201210120210201210212010210120212010201210212
010210120102120121020120210120102120210201210212
010210120210201021012010212012102120210201210212
010210120210201021201210201202101201021201210212
010210120210201210120212012102012021012102010212
010210120212010201210212010210120210201210120212
010212010201202120121021202102012021012102010212
010212021012102012021012010201210120210201210212
010212021012102012021020102101201020120212010212
0102012021012102012021201021012010201202102010212
0102012021012102012021201021012102120210201210212
0102101202102010210121021201020120210121020120212
0102101202102010212012102012021201020121012010212
0102101202102010212021012010201210120210201210212
0102101202102010212021012102010210120210201210212
0102101202102012021201210212010210120210201210212
0102101202102012101202120121020102120210201210212
0102101202102012102120102101201020120210201210212
0102101202102012102120121012010210120210201210212
0102101202102012102120210121020102120210201210212
0102101202120121021202102012021201020121012010212
0102120102012021201210201202101201020120212010212
0102120121012021201020120210120102120210201210212
0102120121012021201020120210201021012010201210212
0102120210201202120121021201020120210121020120212
0102120210201202120121021202102012101202102010212
0102120210201210120210201021012010201202102010212
01020120210201021012021201021012102120210201210212
01020121012021020121021201021012010201202102010212
01020121012021020121021201021012102120210201210212
01020121012021020121021201210120102012021012010212
01020121012021020121021202102010210120210201210212
01021012021020102101201021202102012101202102010212
01021012021020102101210212010201210120210201210212
01021012021020102101210212010201210212021020120212
01021012021020102101210212010210120210201210120212
01021012021020102101210212010210120212010201210212
01021012021020120212010201210212021020120212010212
01021012021020121012010210121021201020121012010212
01021012021020121012010212021012010201202102010212
01021012021020121012021201021012010201202102010212
01021012021020121012021201021012102120210201210212
01021012021020121021201021012021201020121012010212
01021012021020121021202102010210120210201210120212
01021012021201020121021201021012010201202102010212
01021012021201020121021201021012102120210201210212
01021012021201210201021201210120102012021012010212
01021201020120210201021012021201020120210201210212
01021201020120212012102012021012010212012102010212
01021201210120212010201210212010210120210201210212
01021201210120212010210121021201210120210201210212
01021201210201202120121012010210120210201210120212
01021201210201202120121012010212021012010201210212
01021202101201021201210201202101201020120212010212
01021202101210201202101201021201210201202102010212
01021202102012021012010212012102012021012102010212
01021202102012021201210201021012010201202102010212
01021202102012021201210201021201210120210201210212
01021202102012021201210212010201210120210201210212
01021202102012021201210212010210120210201210120212
01021202102012021201210212010210120212010201210212
01021202102012021201210212021012010201202102010212
01021202102012101202102010212012102120210201210212
010201202101210201202120102101201020120210201210212
010201210120212010210120210201210120212010201210212
010201210120212012102010212021020121012021201210212
010210120102012021201210201202101201020120212010212
010210120102012101202102010212021012010201210120212
010210120102120210121020120210120102120210201210212
010210120210201021012010212012102012021012102010212
010210120210201021201210120212010210120210201210212
010210120210201021201210201202101201020120212010212
010210120210201021201210201202101210201021201210212
010210120210201021202101210212010210120210201210212
010210120210201202120121021201020120210121020120212
010210120210201202120121021202102012021012102010212
010210120210201202120121021202102012101202102010212
010210120210201210120212012102010210120210201210212
010210120210201210212010201210120102120210201210212
010210120210201210212010210121020102120210201210212
010210120210201210212010210121020120212010201210212
010210120210201210212021012010201210120210201210212
010210120210201210212021012102010210120210201210212
010210120212010201202101210212010210120210201210212
010210120212010201210120210201210212010201210120212
010210120212010210121020120210201021012010201210212
010210120212012102120210201202101201020120212010212
010210120212012102120210201202101210212010201210212
010210120212012102120210201210120102012021012010212
010212010201202120121020120210120102012021201210212
010212010201202120121020120210120102120210201210212
010212010201202120121020120210201021012010201210212
010212012101202120102101201020120210201021012010212
010212012102012021201210120210201021012010201210212
010212012102120210201202120121021201020121012010212
010212021012102012021012010212012102120210201210212
010212021012102012021020102101201020120210201210212
010212021020121012021020102101201020120210201210212
0102012021012102012021201210212010210120210201210212
0102012101202102012102120102101201020120210201210212
0102012101202102012102120121012010210120210201210212
0102012101202102012102120210121020102120210201210212
0102101202102010210120102120121020102120210201210212
0102101202102010210121021201021012010201202102010212
0102101202102010212012102012021012010212012102010212
0102101202102010212021012010212012102120210201210212
0102101202102010212021012102010210120210201210120212
0102101202102010212021012102012021201020121012010212
0102101202102012021201210201021012010201202102010212
0102101202102012021201210201021201210120210201210212
0102101202102012021201210212010201210120210201210212
0102101202102012021201210212010210120210201210120212
0102101202102012021201210212010210120212010201210212
0102101202102012021201210212021012010201202102010212
0102101202102012101201021202101201020120210201210212
0102101202102012101202120102101201020120210201210212
0102101202102012102120102101201020120210121020120212
0102101202102012102120121012010210120210201210120212
0102101202102012102120121012010212021012010201210212
0102101202102012102120210201021012010201202102010212
0102101202120102012102120102101201020120210201210212
0102101202120102101210201021202101210212010201210212
0102101202120102101210201021202102012101202102010212
0102101202120121020102120121012010210120210201210212
0102101202120121020102120121012021201020121012010212
0102120121012021201020120210121020102120210201210212
0102120121012021201020121012010212021012010201210212
0102120121020120210120102012021201210201202102010212
0102120210120102120121020120210120102120210201210212
0102120210201202101201020120212012102012021012010212
0102120210201202120121020102101201020120210201210212
0102120210201202120121021201021012010201202102010212
0102120210201202120121021201021012102120210201210212
0102120210201202120121021202101201020120210201210212
0102120210201202120121021202102010210120210201210212
0102120210201210120210201021202101210212010201210212
01020120210121020120212010201210120102120210201210212
01020120210121020120212010210121020102120210201210212
01020120210201021012021201210212010210120210201210212
01020120210201210120212012102010210120210201210120212
01020121012021020121021201021012021201020121012010212
01020121012021020121021202101201020121012021020120212
01020121012021020121021202102010210120210201210120212
01021012021020102101201020120212012102120210201210212
01021012021020102101201021201210120102012021012010212
01021012021020102120121012021201020120210121020120212
01021012021020102120121020120210120102120210201210212
01021012021020102120121020120210201021012010201210212
01021012021020102120121020120212010210120210201210212
01021012021020102120210121021201020120210121020120212
01021012021020120212010201210212010210120210201210212
01021012021020120212010210121021201020120210201210212
01021012021020120212010210121021201210120210201210212
01021012021020121012010210121021201020120210201210212
01021012021020121012010210121021201210120210201210212
01021012021020121012021201210212010210120210201210212
01021012021020121021201020120210120102120210201210212
01021012021020121021201020120210201021012010201210212
01021012021020121021201020120212010210120210201210212
01021012021020121021201020121012010210120210201210212
01021012021020121021201021012010201210120210201210212
01021012021020121021201021012010201210212021020120212
01021012021020121021201021012021201020120210201210212
01021012021020121021201210120210201021012010201210212
01021012021020121021201210120212010210120210201210212
01021012021201020121012021020121021201020121012010212
01021012021201021012102010212012102012021012102010212
01021012021201210212021020120210120102120210201210212
01021012021201210212021020120212010210120210201210212
01021012021201210212021020121012010210120210201210212
01021201210120212010201210212010210120210201210120212
01021201210120212010210120210201210120212010201210212
01021201210201202120121012010212012102120210201210212
01021202101210201202101201021202101210212010201210212
01021202101210201202101201021202102012101202102010212
01021202102012101202102010212012102012021012102010212
010201202101210201202120102101201020120210121020120212
010201202101210201202120121012010212021012010201210212
010201202101210201202120121021201020120210121020120212
010201202101210201202120121021202102012021012102010212
010201202101210201202120121021202102012101202102010212
010201202102010210120212010210121020102120210201210212
010201202102010210120212010210121020120212010201210212
010201210120210201210212010201210120102120210201210212
010201210120210201210212010210121020102120210201210212
010201210120210201210212010210121020120212010201210212
010201210120210201210212021012102010210120210201210212
010210120102120210201202101201021201210201202102010212
010210120210201021012010201210212010210120210201210212
010210120210201021012010212012101201020120210201210212
010210120210201021012010212012102010210120210201210212
010210120210201021012102120102101201020120210201210212
010210120210201021012102120121012010210120210201210212
010210120210201021201210120212010201210120210201210212
010210120210201021201210120212010210120210201210120212
010210120210201021202101210201021012010201202102010212
010210120210201021202101210201202101201020120212010212
010210120210201021202101210201202101201021202101210212
010210120210201021202101210212010201210120210201210212
010210120210201021202101210212010201210212021020120212
010210120210201021202101210212010210120210201210120212
010210120210201021202101210212010210120212010201210212
010210120210201202120121012010212012102120210201210212
010210120210201202120121020102101201020120210201210212
010210120210201202120121021201021012010201202102010212
010210120210201202120121021201021012102120210201210212
010210120210201202120121021202101201020120210201210212
010210120210201202120121021202102010210120210201210212
010210120210201210120212010201210120102120210201210212
010210120210201210120212010210121020102120210201210212
010210120210201210120212010210121020120212010201210212
010210120210201210120212012102012021201020121012010212
010210120210201210212010210120212012102120210201210212
010210120210201210212012101201021012102120210201210212
010210120210201210212021012010212012102120210201210212
010210120210201210212021012102010210120210201210120212
010210120210201210212021012102012021201020121012010212
010210120210201210212021020102101201020120210201210212
010210120212010201202101210212010201210120210201210212
010210120212010201202101210212010201210212021020120212
010210120212010201202101210212010210120210201210120212
010210120212010201202101210212010210120212010201210212
010210120212010201210212010210121020102120210201210212
010210120212010201210212010210121020120212010201210212
010210120212012102010212012101201020120210121020120212
010210121020102120121020120210121020102120210201210212
010212010201202120121020120210121020102120210201210212
010212010201202120121021202102012021201020121012010212
010212012101202120102012021012010201210120210201210212
010212012101202120102012021012102010210120210201210212
010212012101202120102012021020102101201020120212010212
010212021012102012021012010212012102012021012102010212
010212021012102012021020102101201020120210121020120212
010212021020120210120102120121020120210201021201210212
010212021020120212012102120102101201020120210201210212
010212021020120212012102120210121020102120210201210212
010212021020121012021020102101201020120210121020120212
0102012021012102012021201021012010201210120210201210212
0102012021012102012021201021012010201210212021020120212
0102012021012102012021201021012021020120212010201210212
0102012021012102012021201210201021012010201202102010212
0102012021012102012021201210201021201210120210201210212
0102012021012102012021201210212010201210120210201210212
0102012021012102012021201210212010210120210201210120212
0102012021012102012021201210212010210120212010201210212
0102012021012102012021201210212021012010201202102010212
0102012021020102101202120121021201020120210121020120212
0102012021020102101202120121021202102012101202102010212
0102012101201021201210201021202102012101201021201210212
0102012101202102012102120102101201020120210121020120212
0102012101202102012102120121012010210120210201210120212
0102012101202102012102120121012010212021012010201210212
0102012101202102012102120210201021012010201202102010212
0102012102120102101210201021202102012102120102101210212
0102101201021201210120210201021202101201021201210120212
0102101201021202102012021012010212012102120210201210212
0102101202102010210120102120121012021201020121012010212
0102101202102010210120102120121020120210201021201210212
0102101202102010210121021201021012021201020121012010212
0102101202102010212021012010212012102012021012102010212
0102101202102012101201021202101201020120210121020120212
0102101202102012101202120102101201020120210121020120212
0102101202102012101202120121021201020120210121020120212
0102101202102012101202120121021202102012101202102010212
0102101202102012102120102101201020120210201021012010212
0102101202120102012021020121021201020120210121020120212
0102101202120102012102120102101201020120210121020120212
0102101202120121020102120121012010210120210201210120212
0102101202120121020102120121012010212021012010201210212
0102101210212010210120210201021202101210212010210120212
0102120121012021201020121012010212012102120210201210212
0102120121012021201020121021201021012010201202102010212
0102120121012021201020121021201021012102120210201210212
0102120121012021201021012021020121021201020121012010212
0102120121020120212012101201021202102012101202102010212
0102120121021202102012021201210212010210120210201210212
0102120210121020120210120102120121020102120210201210212
0102120210201202120121020102101201020120210121020120212
0102120210201202120121021201021012021201020121012010212
0102120210201202120121021202101201020120210121020120212
0102120210201202120121021202102010210120210201210120212
0102120210201210120210201021012010201210120210201210212
0102120210201210120210201021012010201210212021020120212
0102120210201210120210201021201210120102012021012010212
01020120210121020120212010201210212010210120210201210212
01020120210121020120212010210120212012102120210201210212
01020120210121020120212010210121021201020120210201210212
01020120210121020120212010210121021201210120210201210212
01020120210201021012021201210201021201210120210201210212
01020120210201021012021201210212010201210120210201210212
01020120210201021012021201210212010210120210201210120212
01020120210201021012021201210212010210120212010201210212
01020120210201021012021201210212021012010201202102010212
01020121012021020121021201020120210120102120210201210212
01020121012021020121021201020120210201021012010201210212
01020121012021020121021201020120212010210120210201210212
01020121012021020121021201020121012010210120210201210212
01020121012021020121021201021012010201210120210201210212
01020121012021020121021201021012010201210212021020120212
01020121012021020121021201021012021201020120210201210212
01020121012021020121021201210120210201021012010201210212
01020121012021020121021201210120212010210120210201210212
01020121012021201021012021020121012021201020121012010212
01021012021020102101201020120212012102012021012102010212
01021012021020102101201020121021201020120210121020120212
01021012021020102101201020121021202102012101202102010212
01021012021020102101210212010201210120102120210201210212
01021012021020102120121012021201021012010201202102010212
01021012021020102120121012021201021012102120210201210212
01021012021020102120121020120210121020102120210201210212
01021012021020102120121020120212010201210120210201210212
01021012021020102120121020120212010210120210201210120212
01021012021020102120121021202102012021201020121012010212
01021012021020102120210120102120121020102120210201210212
01021012021020102120210121020102101201020120210201210212
01021012021020102120210121020120210120102120210201210212
01021012021020102120210121021201021012010201202102010212
01021012021020120212010201210212010210120210201210120212
01021012021020120212010210121021201020120210121020120212
01021012021020120212010210121021201210120212010201210212
01021012021020120212012102120102101201020120210201210212
01021012021020120212012102120210121020102120210201210212
01021012021020121012010210121021201020120210121020120212
01021012021020121012010212021012010201210120210201210212
01021012021020121012010212021012010201210212021020120212
01021012021020121012021201020120210120102120210201210212
01021012021020121012021201020120210201021012010201210212
01021012021020121012021201021012010201210120210201210212
01021012021020121012021201021012010201210212021020120212
01021012021020121012021201210201021012010201202102010212
01021012021020121012021201210201021201210120210201210212
01021012021020121012021201210201202101201020120212010212
01021012021020121012021201210212010201210120210201210212
01021012021020121012021201210212010210120210201210120212
01021012021020121012021201210212010210120212010201210212
01021012021020121012021201210212021012010201202102010212
01021012021020121021201020120212010210120210201210120212
01021012021020121021201020121012010210120210201210120212
01021012021020121021201020121012010212021012010201210212
01021012021020121021201021012021201020120210121020120212
01021012021020121021201021012102012021201020121012010212
01021012021020121021201210120212010210120210201210120212
01021012021020121021202101210201021012010201202102010212
01021012021020121021202101210201202101201020120212010212
01021012021201020120210120102101210212010201202102010212
01021012021201020120210121021201021012010201202102010212
01021012021201020121012010210121021201020120210201210212
01021012021201020121021201021012010201210120210201210212
01021012021201020121021201021012010201210212021020120212
01021012021201021012102012021020102101201020120212010212
01021012021201210201021201210120210201021012010201210212
01021012021201210201021201210120212010210120210201210212
01021012021201210212021020120210121021201020121012010212
01021012021201210212021020120212010201210120210201210212
01021012021201210212021020120212010210120210201210120212
01021012021201210212021020121012010210120210201210120212
01021012021201210212021020121012010212021012010201210212
01021201020120212012102012021012010201210120210201210212
01021201020120212012102012021012102010210120210201210212
01021201020120212012102012021020102101201020120212010212
01021201020120212012102120210201202101201020120212010212
01021201020120212012102120210201202101210212010201210212
01021201210120212010201202101201021201210201202102010212
01021201210120212010201202101210212010210120210201210212
01021201210120212010201202102010210120102120210201210212
01021201210120212010201210120210201210212010201210120212
01021201210120212010210121020120210201021012010201210212
01021201210201202101201020120212012102012021012102010212
01021201210201202120121012010210121020120212012102010212
01021201210201202120121012010212012102012021012102010212
01021201210201202120121012010212021012010201202102010212
01021201210201202120121012010212021020120212012102010212
01021202101201020120210121021201210120102012021012010212
01021202101201020120210201021201210120102012021012010212
01021202101210201202101201020120212012102012021012010212
01021202101210201202101201020120212012102120210201210212
01021202101210201202101201021201210120102012021012010212
01021202102012021012010212012102012021201020121012010212
01021202102012021201021012102120121020120212010201210212
01021202102012021201210201021012010201210120210201210212
01021202102012021201210201021012010201210212021020120212
01021202102012021201210201021201210120102012021012010212
01021202102012021201210212010201210120102120210201210212
01021202102012021201210212010210121020102120210201210212
01021202102012021201210212010210121020120212010201210212
01021202102012021201210212021012010201210120210201210212
01021202102012021201210212021012102010210120210201210212
01021202102012101202102010210120212012102120210201210212