010201202102010210120102012021020102101
010201202102012102120102012021020121021
010201210212010210120102012102120102101
010210120102012021020102101201020120210
010210120102012102120102101201020121021
010210120102120121020102101201021201210
010210120210201202120102101202102012021
010210120210201210120102101202102012101
010210120212012102120102101202120121021
010210121020120210120102101210201202101
010210121021201210120102101210212012101
010212012102010210120102120121020102101
010212012102012021020102120121020120210
010212012102120210120102120121021202101
010212021020120210120102120210201202101
012010201202102010210120102012021020102
012010201210212010210120102012102120102
012010210120210201210120102101202102012
012010210121020120210120102101210201202
012010210121021201210120102101210212012
012010212012102010210120102120121020102
012010212012102120210120102120121021202
012010212021020120210120102120210201202
012021012010210121020120210120102101210
012021012010212021020120210120102120210
012021012102120121020120210121021201210
012021020102101201020120210201021012010
012021020102120121020120210201021201210
012021020120212010210120210201202120102
012021020121012010210120210201210120102
012021020121021201020120210201210212010
012021020121021201210120210201210212012
012021201021012021020120212010210120210
012021201210212010210120212012102120102
012021201210212021020120212012102120210
012101201021012021020121012010210120210
012101201021012102120121012010210121021
012101202102012102120121012021020121021
012102010210120102120121020102101201021
012102012021012010210121020120210120102
012102012021012102120121020120210121021
012102012021020102120121020120210201021
012102120102012021020121021201020120210
012102120102101201020121021201021012010
012102120102101202120121021201021012021
012102120121012010210121021201210120102
012102120121012021020121021201210120210
012102120121020120210121021201210201202
012102120210120102120121021202101201021
012102120210201202120121021202102012021
020102101201020120210201021012010201202
020102101201021201210201021012010212012
020102120121020120210201021201210201202
020120210120102101210201202101201021012
020120210120102120210201202101201021202
020120210121021201210201202101210212012
020120210201021012010201202102010210120
020120210201021201210201202102010212012
020120210201210212010201202102012102120
020120212010210120210201202120102101202
020120212012102120210201202120121021202
020121012010210120210201210120102101202
020121021201020120210201210212010201202
020121021201021012010201210212010210120
020121021201210120210201210212012101202
021012010201202102010210120102012021020
021012010201210212010210120102012102120
021012010210121020120210120102101210201
021012010212012102010210120102120121020
021012010212012102120210120102120121021
021012010212021020120210120102120210201
021012021020120212010210120210201202120
021012021020121012010210120210201210120
021012021201210212010210120212012102120
021012102012021012010210121020120210120
021012102120121012010210121021201210120
021012102120121020120210121021201210201
021020102101201020120210201021012010201
021020102120121020120210201021201210201
021020120210120102120210201202101201021
021020120212010210120210201202120102101
021020120212012102120210201202120121021
021020121012010210120210201210120102101
021020121021201020120210201210212010201
021020121021201210120210201210212012101
021201020120210201210212010201202102012
021201021012010201210212010210120102012
021201021012021020120212010210120210201
021201021012021201210212010210120212012
021201210120102101210212012101201021012
021201210120210201210212012101202102012
021201210201021012010212012102010210120
021201210201202101210212012102012021012
021201210201202102010212012102012021020
021201210212010210120212012102120102101
021201210212021012010212012102120210120
021201210212021020120212012102120210201
021202101201021201210212021012010212012
021202102012021012010212021020120210120
021202102012021201210212021020120212012
101201020120210201021012010201202102010
101201020121021201021012010201210212010
101201021012021020121012010210120210201
101201021012102012021012010210121020120
101201021012102120121012010210121021201
101201021201210201021012010212012102010
101201021201210212021012010212012102120
101201021202102012021012010212021020120
101202102012021201021012021020120212010
101202102012101201021012021020121012010
101202102012102120121012021020121021201
101202120121021201021012021201210212010
101210201202101201021012102012021012010
101210212012101201021012102120121012010
101210212012102012021012102120121020120
102010210120102012021020102101201020120
102010210120102120121020102101201021201
102010212012102012021020102120121020120
102012021012010210121020120210120102101
102012021012010212021020120210120102120
102012021012102120121020120210121021201
102012021020102101201020120210201021012
102012021020102120121020120210201021201
102012021020121021201020120210201210212
102012021201021012021020120212010210120
102012021201210212021020120212012102120
102012101201021012021020121012010210120
102012102120102012021020121021201020120
102012102120102101201020121021201021012
102012102120121012021020121021201210120
102101201020120210201021012010201202102
102101201020121021201021012010201210212
102101201021201210201021012010212012102
102101202102012021201021012021020120212
102101202102012101201021012021020121012
102101202120121021201021012021201210212
102101210201202101201021012102012021012
102101210212012101201021012102120121012
102120102012021020121021201020120210201
102120102101201020121021201021012010201
102120102101202120121021201021012021201
102120121012010210121021201210120102101
102120121012021020121021201210120210201
102120121020102101201021201210201021012
102120121020120210121021201210201202101
102120121020120210201021201210201202102
102120121021202101201021201210212021012
102120210120102120121021202101201021201
102120210201202101201021202102012021012
102120210201202120121021202102012021201
120102012021020102101201020120210201021
120102012021020121021201020120210201210
120102012102120102101201020121021201021
120102101201020121021201021012010201210
120102101202102012021201021012021020120
120102101202102012101201021012021020121
120102101202120121021201021012021201210
120102101210201202101201021012102012021
120102101210212012101201021012102120121
120102120121020102101201021201210201021
120102120121021202101201021201210212021
120102120210201202101201021202102012021
120121012010210121021201210120102101210
120121012021020121021201210120210201210
120121020102101201021201210201021012010
120121020120210121021201210201202101210
120121020120210201021201210201202102010
120121021201021012021201210212010210120
120121021202101201021201210212021012010
120121021202102012021201210212021020120
120210120102101210201202101201021012102
120210120102120121021202101201021201210
120210120102120210201202101201021202102
120210121021201210201202101210212012102
120210201021012010201202102010210120102
120210201021201210201202102010212012102
120210201202101201021202102012021012010
120210201202120102101202102012021201021
120210201202120121021202102012021201210
120210201210120102101202102012101201021
120210201210212010201202102012102120102
120210201210212012101202102012102120121
120212010210120210201202120102101202102
120212012102120102101202120121021201021
120212012102120210201202120121021202102
121012010210120210201210120102101202102
121012010210121021201210120102101210212
121012021020121021201210120210201210212
121020102101201021201210201021012010212
121020120210120102101210201202101201021
121020120210121021201210201202101210212
121020120210201021201210201202102010212
121021201020120210201210212010201202102
121021201021012010201210212010210120102
121021201021012021201210212010210120212
121021201210120102101210212012101201021
121021201210120210201210212012101202102
121021201210201202101210212012102012021
121021202101201021201210212021012010212
121021202102012021201210212021020120212
201020120210201021012010201202102010210
201020120210201210212010201202102012102
201020121021201021012010201210212010210
201021012010201202102010210120102012021
201021012010201210212010210120102012102
201021012010212012102010210120102120121
201021012021020120212010210120210201202
201021012021020121012010210120210201210
201021012021201210212010210120212012102
201021012102012021012010210121020120210
201021012102120121012010210121021201210
201021201210201021012010212012102010210
201021201210201202102010212012102012021
201021201210212021012010212012102120210
201021202102012021012010212021020120210
201202101201021012102012021012010210121
201202101201021202102012021012010212021
201202101210212012102012021012102120121
201202102010210120102012021020102101201
201202102010212012102012021020102120121
201202102012102120102012021020121021201
201202120102101202102012021201021012021
201202120121021202102012021201210212021
201210120102101202102012101201021012021
201210120102101210212012101201021012102
201210120210201210212012101202102012102
201210201021012010212012102010210120102
201210201202101210212012102012021012102
201210201202102010212012102012021020102
201210212010201202102012102120102012021
201210212010210120102012102120102101201
201210212010210120212012102120102101202
201210212012101202102012102120121012021
201210212021012010212012102120210120102
201210212021020120212012102120210201202
202101201021012102012021012010210121020
202101201021201210212021012010212012102
202101201021202102012021012010212021020
202101210212012102012021012102120121020
202102010210120102012021020102101201020
202102010212012102012021020102120121020
202102012021012010212021020120210120102
202102012021201021012021020120212010210
202102012021201210212021020120212012102
202102012101201021012021020121012010210
202102012102120102012021020121021201020
202102012102120121012021020121021201210
202120102101202102012021201021012021020
202120121021201021012021201210212010210
202120121021202102012021201210212021020
210120102012021020102101201020120210201
210120102012102120102101201020121021201
210120102101202102012101201021012021020
210120102101210201202101201021012102012
210120102101210212012101201021012102120
210120102120121020102101201021201210201
210120102120121021202101201021201210212
210120102120210201202101201021202102012
210120210201202120102101202102012021201
210120210201210120102101202102012101201
210120210201210212012101202102012102120
210120212012102120102101202120121021201
210121020120210120102101210201202101201
210121021201210120102101210212012101201
210121021201210201202101210212012102012
210201021012010201202102010210120102012
210201021012010212012102010210120102120
210201021201210201202102010212012102012
210201202101201021012102012021012010210
210201202101201021202102012021012010212
210201202101210212012102012021012102120
210201202102010212012102012021020102120
210201202120102101202102012021201021012
210201202120121021202102012021201210212
210201210120102101202102012101201021012
210201210212010201202102012102120102012
210201210212012101202102012102120121012
210212010201202102012102120102012021020
210212010210120102012102120102101201020
210212010210120212012102120102101202120
210212012101201021012102120121012010210
210212012101202102012102120121012021020
210212012102012021012102120121020120210
210212021012010212012102120210120102120
210212021020120212012102120210201202120
212010201202102012102120102012021020121
212010210120102012102120102101201020121
212010210120210201202120102101202102012
212010210120212012102120102101202120121
212012101201021012102120121012010210121
212012101202102012102120121012021020121
212012102010210120102120121020102101201
212012102012021012102120121020120210121
212012102012021020102120121020120210201
212012102120102101202120121021201021012
212012102120210120102120121021202101201
212012102120210201202120121021202102012
212021012010212012102120210120102120121
212021020120210120102120210201202101201
212021020120212012102120210201202120121