012010212012
021020121021
102101202102
120121020120
201202101201
210212010210
0102101202102
0210201210212
01201021201210201202
02012021012010212012
010210120210201210212
0102012021020102101202102
0210201210212021020120212
01201021012102120102101202
02012102120102101210212012
02102012102120102101202102
010210120102012021012010212
010212012102012021201210212
020120210120102012021020102
021202102012021201210201202
0201202101201021201210201202
01021201210201202120121021202
01021202102012021201210201202
01201021012102120102101202102
01201021201210120102101202102
02010210120102012021012010212
02012021012010201202102010212
02102012102120102101210212012
02102012102120121012010212012
010210120102012021012010212012
010210120210201021012010212012
012010212012102012021201210212
012010212012102120210201210212
012101201021012102120102101202
020121021201021012102120121012
0102101202102012021201210201202
0102101202102012102120210201202
0120102120121012021201210201202
0120102120121020120210121020102
0201202101201020120210201210212
0201202101201020121012010212012
0201202102010210120210201210212
0210201210212021020102101202102
0212021012102012021012010212012
01021012021020102120210201210212
01021012021020121021201020121012
01201021201210120102101210201202
01201021201210201202120121021202
01210120212010210120210201210212
02010210120102012021012010212012
02012021012102120121012010212012
02012101201021012102120102101202
02012102120102101210212012101202
010201202102010210120210201210212
010210120210201021012010201210212
010210120210201210212021020120212
010210120212012102120210201210212
010212021012102012021012010212012
012010212012102012021012010212012
012010212012102012021012102010212
012101201021012102120102101202102
020120210120102012021201210201202
021020121021201021012102120121012
021020121021201210120102101202102
0102101202102012102120102012101202
0102101202102012102120102101202102
0201202101201021012102120102101202
0201210120212010210120210201210212
0201210212010210121021201210201202
0210201202120121020120210121020102
0210201210212010210120210201210212
0212021012102012021012010201202102
010212010210120212010201210212010212
0102101201020120210120102120210201210212
0102101202102010210120102012021012010212
0102101202102010212012102012021201210212
0102120121020120212012102120210201210212
01020120210201210212010210120210201210212
01021012021020102101201020120210201210212
01021012021020120212010210120210201210212
01021012021020120212012102120210201210212
01021012021020121021201020120210201210212
01021012021020121021201021012010201210212
01021012021020121021201021012021020120212
01021012021201210212010210120210201210212
010212021012102012021012010201202102010212
010212021020120212012102012021012102010212
0102012021020121012021020102120210201210212
0102101201021201210201202101201021201210212
0102101202102010210121020102120210201210212
0102101202102010212021012102120210201210212
0102101202102010212021020121012021020120212
01021012021020120212012102012021012102010212
01021202101210201202101201020120210201210212
010201202102010210120210201210212021020120212
010210120210201210120212010210120210201210212
010210120210201210212010201210120210201210212
010210120210201210212010210120212010201210212
010210120212010201210212010210120210201210212
010212021012102010212012102012021012102010212
010212021012102012021012010212021012102010212
0102101202102010210120102012102120210201210212
0102101202102010210120212012102120210201210212
0102120210201202101201021201210201202102010212
01021012021020102101210212010210120210201210212
01021012021020121021201021012102120210201210212
01021012021020121021202102010210120210201210212
010210120102012021012010212012102012021201210212
010210120102012021012010212012102120210201210212
010210120210201021012010212012102012021201210212
010210120210201021012010212012102120210201210212
010210120210201210212010210120102012021012010212
010212012102012021201210212010210120210201210212
0102101202102010212021012102010210120210201210212
0102101202102012021201210212010210120210201210212
0102101202102012102120102101201020120210201210212
0102101202102012102120121012010210120210201210212
0102101202102012102120210121020102120210201210212
010210120210201021012010201210120102120210201210212
010210120210201021012021201021012102120210201210212
010210120210201021012102120102012102120210201210212
010210120210201021201210120212012102120210201210212
010210120210201021202101210212010210120210201210212
010210120210201210212010210121020102120210201210212
010210120210201210212021012102010210120210201210212
0102101202102010210120102120121020102120210201210212
0102101202102010212021012010212012102120210201210212
0102101202102012021201021202101201020120210201210212
0102101202102012021201210201021201020120210201210212
01021012021020102101201020120210120102120210201210212
01021012021020102101201020120212012102120210201210212
01021012021020102120121020120212012102120210201210212
01021012021020102120210201210212010210120210201210212
01021012021020120212010201210212010210120210201210212
01021012021020120212010210121021201020120210201210212
01021012021020121021201020121012010210120210201210212
01021012021020121021201021012021020102120210201210212
01021012021020121021201021012021201020120210201210212
01021012021020121021201021012102010210120210201210212
01021012021020121021201210120212010210120210201210212
01021012021020121021202101210212010210120210201210212
010210120210201021012010201202102010210120210201210212
010210120210201021012010201210212010210120210201210212
010210120210201021012021201210212010210120210201210212
010210120210201021012102010212021012102120210201210212
010210120210201021012102120102101201020120210201210212
010210120210201202120121021201021012102120210201210212
010210120210201210120102101210212010210120210201210212
010210120210201210212010201202102010210120210201210212
010210120210201210212010210120102012102120210201210212
010210120210201210212010210120212012102120210201210212
010210120210201210212010210121021201210120210201210212
010210120210201210212021020120212010210120210201210212
010210120210201210212021020120212012102120210201210212
0102101202102010210120102120121012010210120210201210212
0102101202102010210120212010210121020102120210201210212
0102101202102010212012101202120121020102120210201210212
0102101202102010212021012010201210120102120210201210212
0102101202102010212021012102120102012102120210201210212
0102101202102012021201210201202101201020120210201210212
0102101202102012021201210201202102010210120210201210212
0102101202102012102120121012010212012102120210201210212
0102101202102012102120210201202101201020120210201210212
01021012021020120212012102120102101201020120210201210212
010210120210201202120102120210201021201020120210201210212
010210120210201210212010201210120212010210120210201210212
01021012021020120212012102012021012102010210120210201210212
01021012021020121021202101210201202101201020120210201210212
010210120210201202120102012102120102101201020120210201210212
010210120210201202120102120210201202101201020120210201210212
010210120210201202120121020102120121012010210120210201210212
010210120210201202120121020120210201021201020120210201210212
010210120210201202120121021201021012021201020120210201210212
010210120210201202120121021201021012102010210120210201210212
010210120210201210212012101201021202101201020120210201210212
010210120210201210212021012102120102101201020120210201210212