010210120210201021012010212012102010212021012102120210201210212
010210120210201021012010212021012010201210120102120210201210212
010210120210201021202101210212010210120212012102120210201210212
010210120210201210212021012102010210120212012102120210201210212
-
010210120210201021012010212012101202120121020102120210201210212
010210120210201021012102010212021012010212012102120210201210212
010210120210201021202101201021201210120212012102120210201210212
010210120210201202120102120210120102012021020102120210201210212
-
010210120210201021012102012101201020120210120102120210201210212
010210120210201021012102120102012021201021012102120210201210212
010210120210201021202101201021201210120212012102120210201210212
010210120210201021202101210212010210120212012102120210201210212
-
010210120210201021012010212012102010212021012102120210201210212
010210120210201021201210120212012102010212012102120210201210212
010210120210201021202101201020121012010212012102120210201210212
010210120210201021202101210212010210120212012102120210201210212
-
010210120210201021012010212021012010201210120102120210201210212
010210120210201021202101201020121012010212012102120210201210212
010210120210201021202102012101201021202101201020120210201210212
010210120210201202120102120210120102012021020102120210201210212
-
