010210120210201021012010201202120121020120210121020102120210201210212
010210120210201021012010212012102120210201202101201020120210201210212
010210120210201202120121020102120121012010210121020102120210201210212
010210120210201210120212010201202102010210120212012102120210201210212
-
010210120210201021012010201210212021020120212010201210120210201210212
010210120210201021202101201021201210201021202101201020120210201210212
010210120210201202120121020102120121012010210121020102120210201210212
010210120210201202120121021201021012102120210121020102120210201210212
-
010210120210201021012010201202102012102120210121020102120210201210212
010210120210201021012010201202120121020120210121020102120210201210212
010210120210201202120121020102120210120102120121020102120210201210212
010210120210201210212012101201021012021020120212012102120210201210212
-
010210120210201021012010212012102012021020102101201020120210201210212
010210120210201021201210201202120102012021012102010210120210201210212
010210120210201021202101210201021012102120102101201020120210201210212
010210120210201202120121021202102012102120121012010210120210201210212
-
010210120210201021012102120102101202120121012021020102120210201210212
010210120210201021202101210201021012102120102101201020120210201210212
010210120210201210212021012010212012101202120121020102120210201210212
010210120210201210212021020102120210120102120121020102120210201210212
-
