01021012021020102101201020121021202102012021201021012102120210201210212
01021012021020102120210201202120121020120210201021201020120210201210212
01021012021020120212010212021012102012021012010212012102120210201210212
01021012021020121021201210120212012102010210120212012102120210201210212
-
01021012021020120212010212021012102012021012010212012102120210201210212
01021012021020120212012102010210120102012021012102010210120210201210212
01021012021020120212012102012021012102010210120212012102120210201210212
01021012021020120212012102120102101202102010212021012102120210201210212
-
01021012021020102101201021201210201202101210201021201020120210201210212
01021012021020102101201021201210201202120121012021012102120210201210212
01021012021020102120210121021202102012102120121012010210120210201210212
01021012021020120212012102010212012101201021012102010210120210201210212
-
01021012021020102101201020120210120102120121012021020102120210201210212
01021012021020102101201020121021201210120102120121020102120210201210212
01021012021020102101201021202101201020121012010212012102120210201210212
01021012021020102120210201202120121020120210201021201020120210201210212
-
01021012021020102101201021201210212021020121012021012102120210201210212
01021012021020102101210201210120102012021012010212012102120210201210212
01021012021020102120210120102120121012010210120212012102120210201210212
01021012021020102120210121020120210120102120121012010210120210201210212
-
