01021012021020120212012102010212012101201021012021020120212012102120210201210212
01021012021020120212012102012021020102101201021201210120212012102120210201210212
01021012021020120212012102120102101201020120210121020120212012102120210201210212
01021012021020120212012102120102101210201202101201020120212012102120210201210212
-
01021012021020120212012102012021012010201202102010210120212012102120210201210212
01021012021020120212012102120102012101201021012021020120212012102120210201210212
01021012021020120212012102120102101201020120210121020120212012102120210201210212
01021012021020120212012102120102101210201202101201020120212012102120210201210212
-
01021012021020120212012102012021012010201202102010210120212012102120210201210212
01021012021020120212012102012021020102101201021201210120212012102120210201210212
01021012021020120212012102120102012101201021012021020120212012102120210201210212
01021012021020120212012102120102101201020120210121020120212012102120210201210212
-
01021012021020120212012102012021012010201202102010210120212012102120210201210212
01021012021020120212012102012021020102101201021201210120212012102120210201210212
01021012021020120212012102120102101201020120210121020120212012102120210201210212
01021012021020120212012102120102101210201021012021020120212012102120210201210212
-
01021012021020120212012102012021020102101201021201210120212012102120210201210212
01021012021020120212012102120102101201020120210121020120212012102120210201210212
01021012021020120212012102120102101210201202101201020120212012102120210201210212
01021012021020120212012102120210201202101210212010210120212012102120210201210212
-
01021012021020120212012102012021020102101201021201210120212012102120210201210212
01021012021020120212012102120102012101201021012021020120212012102120210201210212
01021012021020120212012102120102101201020120210121020120212012102120210201210212
01021012021020120212012102120102101210201202101201020120212012102120210201210212
-
01021012021020120212012102012021012010201202102010210120212012102120210201210212
01021012021020120212012102120102101201020120210121020120212012102120210201210212
01021012021020120212012102120102101210201202101201020120212012102120210201210212
01021012021020120212012102120210201202101210212010210120212012102120210201210212
-
01021012021020120212012102012021012010201202102010210120212012102120210201210212
01021012021020120212012102012021020102101201021201210120212012102120210201210212
01021012021020120212012102120102101210201202101201020120212012102120210201210212
01021012021020120212012102120210201202101210212010210120212012102120210201210212
-
01021012021020120212012102010212012101201021012021020120212012102120210201210212
01021012021020120212012102012021012010201202102010210120212012102120210201210212
01021012021020120212012102012021020102101201021201210120212012102120210201210212
01021012021020120212012102120102101201020120210121020120212012102120210201210212
-
01021012021020120212012102012021012010201202102010210120212012102120210201210212
01021012021020120212012102012021020102101201021201210120212012102120210201210212
01021012021020120212012102120102012101201021012021020120212012102120210201210212
01021012021020120212012102120102101210201021012021020120212012102120210201210212
-
