0102101202102012021201210212010201202102010210120210201210120212012102120210201210212
0102101202102012021201210212010210120212010201202102010210120212012102120210201210212
0102101202102012021201210212010210121021201210201021201210120212012102120210201210212
0102101202102012021201210212021020120212010201210212010210120212012102120210201210212
-
0102101202102012021201210212010201202102010210120210201210120212012102120210201210212
0102101202102012021201210212010201210120210201210212010210120212012102120210201210212
0102101202102012021201210212010210121021201210120102120210120212012102120210201210212
0102101202102012021201210212021020121021201020121012010210120212012102120210201210212
-
0102101202102012021201210212010201210120210201210212010210120212012102120210201210212
0102101202102012021201210212010210120212010201202102010210120212012102120210201210212
0102101202102012021201210212010210121021201210201021201210120212012102120210201210212
0102101202102012021201210212021020121021201020121012010210120212012102120210201210212
-
0102101202102012021201210212010201202102010210120210201210120212012102120210201210212
0102101202102012021201210212010210121021201210201021201210120212012102120210201210212
0102101202102012021201210212021020120212010201210212010210120212012102120210201210212
0102101202102012021201210212021020121021201020121012010210120212012102120210201210212
-
0102101202102012021201210212010201202102010210120210201210120212012102120210201210212
0102101202102012021201210212010201210120210201210212010210120212012102120210201210212
0102101202102012021201210212010210120212010201202102010210120212012102120210201210212
0102101202102012021201210212010210121021201210201021201210120212012102120210201210212
-
0102101202102012021201210212010201202102010210120210201210120212012102120210201210212
0102101202102012021201210212010210120212010201202102010210120212012102120210201210212
0102101202102012021201210212021020120212010201210212010210120212012102120210201210212
0102101202102012021201210212021020121021201210120102120210120212012102120210201210212
-
0102101202102012021201210212010201210120210201210212010210120212012102120210201210212
0102101202102012021201210212010210120210201021012010201210120212012102120210201210212
0102101202102012021201210212010210121021201210201021201210120212012102120210201210212
0102101202102012021201210212021020121021201020121012010210120212012102120210201210212
-
0102101202102012021201210212010201202102010210120210201210120212012102120210201210212
0102101202102012021201210212010210121021201210201021201210120212012102120210201210212
0102101202102012021201210212021020120212010201210212010210120212012102120210201210212
0102101202102012021201210212021020121021201210120102120210120212012102120210201210212
-
0102101202102012021201210212010201202102010210120210201210120212012102120210201210212
0102101202102012021201210212010210120212010201202102010210120212012102120210201210212
0102101202102012021201210212010210121021201210120102120210120212012102120210201210212
0102101202102012021201210212021020121021201020121012010210120212012102120210201210212
-
0102101202102012021201210212010201202102010210120210201210120212012102120210201210212
0102101202102012021201210212010210120212010201202102010210120212012102120210201210212
0102101202102012021201210212021020120212010201210212010210120212012102120210201210212
0102101202102012021201210212021020121021201020121012010210120212012102120210201210212
-
