010210120210201202120121021201021012010201202102012102120121012010210120212012102120210201210212
010210120210201202120121021201021012021020102101210201021202102010210120212012102120210201210212
010210120210201202120121021201021012021201020121021201021012102010210120212012102120210201210212
010210120210201202120121021201021012102010210120212010201202102010210120212012102120210201210212
-
010210120210201202120121021201021012010201202102012102120121012010210120212012102120210201210212
010210120210201202120121021201021012021201020121021201021012102010210120212012102120210201210212
010210120210201202120121021201021012102010212012102012021012102010210120212012102120210201210212
010210120210201202120121021201021012102120210120212012101202102010210120212012102120210201210212
-
010210120210201202120121021201021012010201202102012102120121012010210120212012102120210201210212
010210120210201202120121021201021012021020102101210201021202102010210120212012102120210201210212
010210120210201202120121021201021012102010212012102012021012102010210120212012102120210201210212
010210120210201202120121021201021012102120210121020102101210212010210120212012102120210201210212
-
010210120210201202120121021201021012021020102101210201021202102010210120212012102120210201210212
010210120210201202120121021201021012021201020121020102120121012010210120212012102120210201210212
010210120210201202120121021201021012102010210120212010201210212010210120212012102120210201210212
010210120210201202120121021201021012102120210121020102101210212010210120212012102120210201210212
-
010210120210201202120121021201021012010201202102012102120121012010210120212012102120210201210212
010210120210201202120121021201021012021201020121012010212012102010210120212012102120210201210212
010210120210201202120121021201021012102120121012021201021012102010210120212012102120210201210212
010210120210201202120121021201021012102120210120212012101202102010210120212012102120210201210212
-
010210120210201202120121021201021012021201020121012010212012102010210120212012102120210201210212
010210120210201202120121021201021012102010210120212010201202102010210120212012102120210201210212
010210120210201202120121021201021012102120121012021201021012102010210120212012102120210201210212
010210120210201202120121021201021012102120210121020102101210212010210120212012102120210201210212
-
010210120210201202120121021201021012010201202102012102120121012010210120212012102120210201210212
010210120210201202120121021201021012021201020121020102120121012010210120212012102120210201210212
010210120210201202120121021201021012102010210120212010201210212010210120212012102120210201210212
010210120210201202120121021201021012102010212012102012021012102010210120212012102120210201210212
-
010210120210201202120121021201021012021020102101210201021202102010210120212012102120210201210212
010210120210201202120121021201021012021201020121021202101210212010210120212012102120210201210212
010210120210201202120121021201021012102010210120212010201202102010210120212012102120210201210212
010210120210201202120121021201021012102120210120212012101202102010210120212012102120210201210212
-
010210120210201202120121021201021012021020102101210201021202102010210120212012102120210201210212
010210120210201202120121021201021012021201020121021201021012102010210120212012102120210201210212
010210120210201202120121021201021012102010210120212010201202102010210120212012102120210201210212
010210120210201202120121021201021012102120210121020102101210212010210120212012102120210201210212
-
010210120210201202120121021201021012010201202102012102120121012010210120212012102120210201210212
010210120210201202120121021201021012021020102101210201021202102010210120212012102120210201210212
010210120210201202120121021201021012021201020121021202101210212010210120212012102120210201210212
010210120210201202120121021201021012102010210120212010201202102010210120212012102120210201210212
-
