0102101202102012021201210212010210120102012021012010212021012102010210120212012102120210201210212
0102101202102012021201210212010210120212010201210120210201210212010210120212012102120210201210212
0102101202102012021201210212010210121020102120210120102120121012010210120212012102120210201210212
0102101202102012021201210212010210121021201210120212010201210212010210120212012102120210201210212
-
0102101202102012021201210212010210120102012021012102012101202102010210120212012102120210201210212
0102101202102012021201210212010210120102012102010210121020121012010210120212012102120210201210212
0102101202102012021201210212010210120210201021201210120212012102010210120212012102120210201210212
0102101202102012021201210212010210121021202102012101202101210212010210120212012102120210201210212
-
0102101202102012021201210212010210120102012021012102012101202102010210120212012102120210201210212
0102101202102012021201210212010210120212010201210120102101210212010210120212012102120210201210212
0102101202102012021201210212010210121020120212010201202101210212010210120212012102120210201210212
0102101202102012021201210212010210121021201210120210121020121012010210120212012102120210201210212
-
0102101202102012021201210212010210120102012021012010212021012102010210120212012102120210201210212
0102101202102012021201210212010210120212010201210212021020120212010210120212012102120210201210212
0102101202102012021201210212010210121020120212010201202101210212010210120212012102120210201210212
0102101202102012021201210212010210121021202102012101202120121012010210120212012102120210201210212
-
0102101202102012021201210212010210120210201021201210120212012102010210120212012102120210201210212
0102101202102012021201210212010210120210201021202102012101202102010210120212012102120210201210212
0102101202102012021201210212010210120212010201210212021020120212010210120212012102120210201210212
0102101202102012021201210212010210121021201210120212010201210212010210120212012102120210201210212
-
0102101202102012021201210212010210120212010201210212021020120212010210120212012102120210201210212
0102101202102012021201210212010210121020120212010201202101210212010210120212012102120210201210212
0102101202102012021201210212010210121021201210120212010201210212010210120212012102120210201210212
0102101202102012021201210212010210121021202102012101202120121012010210120212012102120210201210212
-
0102101202102012021201210212010210120102012021012010212021012102010210120212012102120210201210212
0102101202102012021201210212010210120212010201210212021020121012010210120212012102120210201210212
0102101202102012021201210212010210121020102120210120102120121012010210120212012102120210201210212
0102101202102012021201210212010210121021201210120212010201202102010210120212012102120210201210212
-
0102101202102012021201210212010210120102012102010212010201202102010210120212012102120210201210212
0102101202102012021201210212010210120210201021201210120212012102010210120212012102120210201210212
0102101202102012021201210212010210120212010201210212012101202102010210120212012102120210201210212
0102101202102012021201210212010210121020120212010201202101210212010210120212012102120210201210212
-
0102101202102012021201210212010210120102012102010210121020121012010210120212012102120210201210212
0102101202102012021201210212010210120210201021201210120212012102010210120212012102120210201210212
0102101202102012021201210212010210120212010201210212021020121012010210120212012102120210201210212
0102101202102012021201210212010210121020102120210120102120121012010210120212012102120210201210212
-
0102101202102012021201210212010210120102012021012010212021012102010210120212012102120210201210212
0102101202102012021201210212010210120102012102010212010201202102010210120212012102120210201210212
0102101202102012021201210212010210121020102120210120102120121012010210120212012102120210201210212
0102101202102012021201210212010210121021202102012101202101210212010210120212012102120210201210212
-
