010210120210201202120121021201021012010201202102012101202120121012010210120212012102120210201210212
010210120210201202120121021201021012010201202120121020102120121012010210120212012102120210201210212
010210120210201202120121021201021012021020102120121012010201202102010210120212012102120210201210212
010210120210201202120121021201021012021201020120210120102101210212010210120212012102120210201210212
-
010210120210201202120121021201021012010201202102012101202120121012010210120212012102120210201210212
010210120210201202120121021201021012021020102101201020121021202102010210120212012102120210201210212
010210120210201202120121021201021012021020102120121012010201202102010210120212012102120210201210212
010210120210201202120121021201021012021201020120210120102120121012010210120212012102120210201210212
-
010210120210201202120121021201021012010201202102012101202120121012010210120212012102120210201210212
010210120210201202120121021201021012010201202120121020102120121012010210120212012102120210201210212
010210120210201202120121021201021012021020102101210212010201202102010210120212012102120210201210212
010210120210201202120121021201021012021201020120210120102101210212010210120212012102120210201210212
-
010210120210201202120121021201021012010201202102012101202120121012010210120212012102120210201210212
010210120210201202120121021201021012010201202120121020102120121012010210120212012102120210201210212
010210120210201202120121021201021012021020102101201020121021202102010210120212012102120210201210212
010210120210201202120121021201021012021201020120210120102101210212010210120212012102120210201210212
-
010210120210201202120121021201021012010201202101201021202101210212010210120212012102120210201210212
010210120210201202120121021201021012010201202120121020102120121012010210120212012102120210201210212
010210120210201202120121021201021012021020102101201020121021202102010210120212012102120210201210212
010210120210201202120121021201021012021020102101210212010201202102010210120212012102120210201210212
-
010210120210201202120121021201021012010201202120121020102120121012010210120212012102120210201210212
010210120210201202120121021201021012021020102101201020121021202102010210120212012102120210201210212
010210120210201202120121021201021012021020102101210212010201202102010210120212012102120210201210212
010210120210201202120121021201021012021201020120210120102101210212010210120212012102120210201210212
-
010210120210201202120121021201021012010201202101201021202101210212010210120212012102120210201210212
010210120210201202120121021201021012010201202120121020102120121012010210120212012102120210201210212
010210120210201202120121021201021012021020102101210212010201202102010210120212012102120210201210212
010210120210201202120121021201021012021020102120121012010201202102010210120212012102120210201210212
-
010210120210201202120121021201021012010201202102012101202120121012010210120212012102120210201210212
010210120210201202120121021201021012010201202120121020102120121012010210120212012102120210201210212
010210120210201202120121021201021012021020102101210212010201202102010210120212012102120210201210212
010210120210201202120121021201021012021020102120121012010201202102010210120212012102120210201210212
-
010210120210201202120121021201021012010201202101201021202101210212010210120212012102120210201210212
010210120210201202120121021201021012010201202102012101202120121012010210120212012102120210201210212
010210120210201202120121021201021012021020102101201020121021202102010210120212012102120210201210212
010210120210201202120121021201021012021020102101210212010201202102010210120212012102120210201210212
-
010210120210201202120121021201021012010201202101201021202101210212010210120212012102120210201210212
010210120210201202120121021201021012021020102101210212010201202102010210120212012102120210201210212
010210120210201202120121021201021012021020102120210120102120121012010210120212012102120210201210212
010210120210201202120121021201021012021201020120210120102101210212010210120212012102120210201210212
-
