0102012021020121021201021012021020121021201210120210201021012010201210212
0102012021020121021201021012021020121021201210120212010210120210201210212
0102012021020121021201021012021020121021201210120212012102120210201210212
0102101202102010210120102012101201021012021020121021201021012021020120212
0102101202102012102120102012101201021012021020121021201021012021020120212
0102101202120121021202102012101201021012021020121021201021012021020120212
010201202102012102120102101202102012102120121012010212012102012021201210212
010201202102012102120102101202102012102120121012010212012102120210201210212
010210120102012021012010212012101201021012021020121021201021012021020120212
010210120210201021012010212012101201021012021020121021201021012021020120212
0102012021020121021201021012021020121021201210120212012102012021012102010212
0102120210121020120210120102012101201021012021020121021201021012021020120212
01020120210201210212010210120210201210212012101202120121020102120210201210212
01021012021020102120210120102012101201021012021020121021201021012021020120212
01021202102012102120102101201020120210201210212010210120212010201210212010212
01021201021012021201020121021201021012021020120212012102120102101202102010212
010201202102012102120102101202102012102120121012010212012102012021012102010212
010201202102012102120102101202102012102120121012010212021012010201202102010212
010212021012102012021012010212012101201021012021020121021201021012021020120212
010212021020120212012102010212012101201021012021020121021201021012021020120212
0102012021020121021201021012021020121021201210120102120121020102120210201210212
0102012021020121021201021012021020121021201210120212012102010210120210201210212
0102101202102010212021012010212012101201021012021020121021201021012021020120212
0102101202102012102120210120102012101201021012021020121021201021012021020120212
0102120210201210212010210120102012021020121021201021012021020102120210201210212
0102120210201210212010210120102012021020121021201021012021201020120210201210212
0102101202102010212021020121021201021012021020120212012102120102101202102010212
0102101202102012021201020121021201021012021020120212012102120102101202102010212