0010110010110010
0011010011010011
0100110100110100
0101100101100101
0110010110010110
0110100110100110
1001011001011001
1001101001101001
1010011010011010
1011001011001011
1100101100101100
1101001101001101
001001011001001011001001
001001101001001101001001
001010011001010011001010
001011001001011001001011
001011011001011011001011
001100101001100101001100
001101001001101001001101
001101011001101011001101
001101101001101101001101
010010011010010011010010
010010110010010110010010
010011001010011001010011
010011010010011010010011
010011011010011011010011
010100110010100110010100
010110010010110010010110
010110011010110011010110
010110110010110110010110
011001001011001001011001
011001010011001010011001
011001011011001011011001
011001101011001101011001
011010010011010010011010
011010011011010011011010
011010110011010110011010
011011001011011001011011
011011010011011010011011
100100101100100101100100
100100110100100110100100
100101001100101001100101
100101100100101100100101
100101101100101101100101
100110010100110010100110
100110100100110100100110
100110101100110101100110
100110110100110110100110
101001001101001001101001
101001100101001100101001
101001101101001101101001
101011001101011001101011
101100100101100100101100
101100101101100101101100
101100110101100110101100
101101001101101001101101
101101100101101100101101
110010010110010010110010
110010100110010100110010
110010110110010110110010
110011010110011010110011
110100100110100100110100
110100110110100110110100
110101100110101100110101
110110010110110010110110
110110100110110100110110
00100101001100100101001100100101
00100101101100100101101100100101
00100110010100100110010100100110
00100110101100100110101100100110
00100110110100100110110100100110
00101001001100101001001100101001
00101001100100101001100100101001
00101001101100101001101100101001
00101100110100101100110100101100
00101101001100101101001100101101
00101101100100101101100100101101
00110010010100110010010100110010
00110010100100110010100100110010
00110010110100110010110100110010
00110100101100110100101100110100
00110101100100110101100100110101
00110101101100110101101100110101
00110110010100110110010100110110
00110110100100110110100100110110
00110110101100110110101100110110
01001001100101001001100101001001
01001001101101001001101101001001
01001010011001001010011001001010
01001011001101001011001101001011
01001011011001001011011001001011
01001100100101001100100101001100
01001100101001001100101001001100
01001100101101001100101101001100
01001101011001001101011001001101
01001101100101001101100101001101
01001101101001001101101001001101
01010010011001010010011001010010
01010011001001010011001001010011
01010011011001010011011001010011
01011001001101011001001101011001
01011001101001011001101001011001
01011001101101011001101101011001
01011010011001011010011001011010
01011011001001011011001001011011
01011011001101011011001101011011
01100100101001100100101001100100
01100100101101100100101101100100
01100100110101100100110101100100
01100101001001100101001001100101
01100101001101100101001101100101
01100101101001100101101001100101
01100110100101100110100101100110
01100110101101100110101101100110
01100110110101100110110101100110
01101001001101101001001101101001
01101001011001101001011001101001
01101001100101101001100101101001
01101011001001101011001001101011
01101011001101101011001101101011
01101011011001101011011001101011
01101100100101101100100101101100
01101100101001101100101001101100
01101100110101101100110101101100
01101101001001101101001001101101
01101101011001101101011001101101
10010010100110010010100110010010
10010010110110010010110110010010
10010011001010010011001010010011
10010011010110010011010110010011
10010011011010010011011010010011
10010100100110010100100110010100
10010100110010010100110010010100
10010100110110010100110110010100
10010110011010010110011010010110
10010110100110010110100110010110
10010110110010010110110010010110
10011001001010011001001010011001
10011001010010011001010010011001
10011001011010011001011010011001
10011010010110011010010110011010
10011010110010011010110010011010
10011010110110011010110110011010
10011011001010011011001010011011
10011011010010011011010010011011
10011011010110011011010110011011
10100100110010100100110010100100
10100100110110100100110110100100
10100101100110100101100110100101
10100110010010100110010010100110
10100110010110100110010110100110
10100110110010100110110010100110
10101100100110101100100110101100
10101100110110101100110110101100
10101101100110101101100110101101
10110010010110110010010110110010
10110010011010110010011010110010
10110010100110110010100110110010
10110011010010110011010010110011
10110011010110110011010110110011
10110011011010110011011010110011
10110100100110110100100110110100
10110100110010110100110010110100
10110101100110110101100110110101
10110110010010110110010010110110
10110110011010110110011010110110
11001001010011001001010011001001
11001001011011001001011011001001
11001001101011001001101011001001
11001010010011001010010011001010
11001010011011001010011011001010
11001011010011001011010011001011
11001101001011001101001011001101
11001101011011001101011011001101
11001101101011001101101011001101
11010010011011010010011011010010
11010010110011010010110011010010
11010011001011010011001011010011
11010110010011010110010011010110
11010110011011010110011011010110
11010110110011010110110011010110
11011001001011011001001011011001
11011001010011011001010011011001
11011001101011011001101011011001
11011010010011011010010011011010
11011010110011011010110011011010
0010010100100110010010100100110010010100
0010010100110110010010100110110010010100
0010010110100110010010110100110010010110
0010011001001010010011001001010010011001
0010011001011010010011001011010010011001
0010011010010110010011010010110010011010
0010011010110110010011010110110010011010
0010011011001010010011011001010010011011
0010011011010110010011011010110010011011
0010100100110010010100100110010010100100
0010100100110110010100100110110010100100
0010100101100110010100101100110010100101
0010100110010110010100110010110010100110
0010100110011010010100110011010010100110
0010100110100110010100110100110010100110
0010100110110010010100110110010010100110
0010110010011010010110010011010010110010
0010110010100110010110010100110010110010
0010110011001010010110011001010010110011
0010110011010110010110011010110010110011
0010110011011010010110011011010010110011
0010110100100110010110100100110010110100
0010110100110010010110100110010010110100
0010110100110110010110100110110010110100
0010110101100110010110101100110010110101
0010110110011010010110110011010010110110
0011001001010010011001001010010011001001
0011001001011010011001001011010011001001
0011001010010110011001010010110011001010
0011001010011010011001010011010011001010
0011001011001010011001011001010011001011
0011001011010010011001011010010011001011
0011001011010110011001011010110011001011
0011001101001010011001101001010011001101
0011001101011010011001101011010011001101
0011010010100110011010010100110011010010
0011010010110010011010010110010011010010
0011010010110110011010010110110011010010
0011010011001010011010011001010011010011
0011010011010110011010011010110011010011
0011010110010110011010110010110011010110
0011010110011010011010110011010011010110
0011010110100110011010110100110011010110
0011010110110010011010110110010011010110
0011011001001010011011001001010011011001
0011011001010010011011001010010011011001
0011011001011010011011001011010011011001
0011011010010110011011010010110011011010
0011011010110010011011010110010011011010
0011011010110110011011010110110011011010
0100100110010010100100110010010100100110
0100100110010110100100110010110100100110
0100100110110010100100110110010100100110
0100101001001100100101001001100100101001
0100101001100110100101001100110100101001
0100101001101100100101001101100100101001
0100101100100110100101100100110100101100
0100101100110010100101100110010100101100
0100101100110110100101100110110100101100
0100101101001100100101101001100100101101
0100101101100110100101101100110100101101
0100110010010100100110010010100100110010
0100110010010110100110010010110100110010
0100110010100110100110010100110100110010
0100110010110010100110010110010100110010
0100110010110100100110010110100100110010
0100110011010010100110011010010100110011
0100110011010110100110011010110100110011
0100110100101100100110100101100100110100
0100110100110010100110100110010100110100
0100110101100110100110101100110100110101
0100110101101100100110101101100100110101
0100110110010010100110110010010100110110
0100110110010100100110110010100100110110
0100110110010110100110110010110100110110
0100110110101100100110110101100100110110
0101001001100100101001001100100101001001
0101001001101100101001001101100101001001
0101001011001100101001011001100101001011
0101001100101100101001100101100101001100
0101001100110100101001100110100101001100
0101001101001100101001101001100101001101
0101001101100100101001101100100101001101
0101100100110100101100100110100101100100
0101100100110110101100100110110101100100
0101100101001100101100101001100101100101
0101100101100110101100101100110101100101
0101100110010100101100110010100101100110
0101100110010110101100110010110101100110
0101100110100110101100110100110101100110
0101100110101100101100110101100101100110
0101100110110100101100110110100101100110
0101101001001100101101001001100101101001
0101101001100100101101001100100101101001
0101101001100110101101001100110101101001
0101101001101100101101001101100101101001
0101101011001100101101011001100101101011
0101101100100110101101100100110101101100
0101101100110100101101100110100101101100
0101101100110110101101100110110101101100
0110010010100100110010010100100110010010
0110010010100110110010010100110110010010
0110010010110100110010010110100110010010
0110010011010010110010011010010110010011
0110010011010110110010011010110110010011
0110010011011010110010011011010110010011
0110010100100110110010100100110110010100
0110010100101100110010100101100110010100
0110010100110010110010100110010110010100
0110010100110100110010100110100110010100
0110010110010100110010110010100110010110
0110010110011010110010110011010110010110
0110010110100100110010110100100110010110
0110010110100110110010110100110110010110
0110010110101100110010110101100110010110
0110011001010010110011001010010110011001
0110011001011010110011001011010110011001
0110011010010100110011010010100110011010
0110011010010110110011010010110110011010
0110011010011010110011010011010110011010
0110011010110010110011010110010110011010
0110011010110100110011010110100110011010
0110011011010010110011011010010110011011
0110011011010110110011011010110110011011
0110100100110010110100100110010110100100
0110100101001100110100101001100110100101
0110100101100100110100101100100110100101
0110100101100110110100101100110110100101
0110100101101100110100101101100110100101
0110100110010010110100110010010110100110
0110100110010100110100110010100110100110
0110100110011010110100110011010110100110
0110100110101100110100110101100110100110
0110100110110010110100110110010110100110
0110101100100110110101100100110110101100
0110101100101100110101100101100110101100
0110101100110010110101100110010110101100
0110101100110100110101100110100110101100
0110101101001100110101101001100110101101
0110101101100100110101101100100110101101
0110101101100110110101101100110110101101
0110110010010100110110010010100110110010
0110110010011010110110010011010110110010
0110110010100100110110010100100110110010
0110110010110100110110010110100110110010
0110110011010010110110011010010110110011
0110110011011010110110011011010110110011
0110110100101100110110100101100110110100
0110110101100100110110101100100110110101
0110110101101100110110101101100110110101
1001001010010011001001010010011001001010
1001001010011011001001010011011001001010
1001001011010011001001011010011001001011
1001001100100101001001100100101001001100
1001001100101101001001100101101001001100
1001001101001011001001101001011001001101
1001001101011011001001101011011001001101
1001001101100101001001101100101001001101
1001001101101011001001101101011001001101
1001010010011001001010010011001001010010
1001010010011011001010010011011001010010
1001010010110011001010010110011001010010
1001010011001011001010011001011001010011
1001010011001101001010011001101001010011
1001010011010011001010011010011001010011
1001010011011001001010011011001001010011
1001011001001101001011001001101001011001
1001011001010011001011001010011001011001
1001011001100101001011001100101001011001
1001011001101011001011001101011001011001
1001011001101101001011001101101001011001
1001011010010011001011010010011001011010
1001011010011001001011010011001001011010
1001011010011011001011010011011001011010
1001011010110011001011010110011001011010
1001011011001101001011011001101001011011
1001100100101001001100100101001001100100
1001100100101101001100100101101001100100
1001100101001011001100101001011001100101
1001100101001101001100101001101001100101
1001100101100101001100101100101001100101
1001100101101001001100101101001001100101
1001100101101011001100101101011001100101
1001100110100101001100110100101001100110
1001100110101101001100110101101001100110
1001101001010011001101001010011001101001
1001101001011001001101001011001001101001
1001101001011011001101001011011001101001
1001101001100101001101001100101001101001
1001101001101011001101001101011001101001
1001101011001011001101011001011001101011
1001101011001101001101011001101001101011
1001101011010011001101011010011001101011
1001101011011001001101011011001001101011
1001101100100101001101100100101001101100
1001101100101001001101100101001001101100
1001101100101101001101100101101001101100
1001101101001011001101101001011001101101
1001101101011001001101101011001001101101
1001101101011011001101101011011001101101
1010010011001001010010011001001010010011
1010010011001011010010011001011010010011
1010010011011001010010011011001010010011
1010010100110011010010100110011010010100
1010010110010011010010110010011010010110
1010010110011001010010110011001010010110
1010010110011011010010110011011010010110
1010010110110011010010110110011010010110
1010011001001011010011001001011010011001
1010011001010011010011001010011010011001
1010011001011001010011001011001010011001
1010011001101001010011001101001010011001
1010011001101011010011001101011010011001
1010011010011001010011010011001010011010
1010011010110011010011010110011010011010
1010011011001001010011011001001010011011
1010011011001011010011011001011010011011
1010110010011011010110010011011010110010
1010110010110011010110010110011010110010
1010110011001011010110011001011010110011
1010110011010011010110011010011010110011
1010110100110011010110100110011010110100
1010110110010011010110110010011010110110
1010110110011011010110110011011010110110
1011001001010011011001001010011011001001
1011001001101001011001001101001011001001
1011001001101011011001001101011011001001
1011001001101101011001001101101011001001
1011001010010011011001010010011011001010
1011001010011001011001010011001011001010
1011001011001101011001011001101011001011
1011001011010011011001011010011011001011
1011001100101001011001100101001011001100
1011001100101101011001100101101011001100
1011001101001011011001101001011011001101
1011001101001101011001101001101011001101
1011001101011001011001101011001011001101
1011001101101001011001101101001011001101
1011001101101011011001101101011011001101
1011010010011001011010010011001011010010
1011010010110011011010010110011011010010
1011010011001001011010011001001011010011
1011010011001101011010011001101011010011
1011010011011001011010011011001011010011
1011010110010011011010110010011011010110
1011010110011001011010110011001011010110
1011010110110011011010110110011011010110
1011011001001101011011001001101011011001
1011011001101001011011001101001011011001
1011011001101101011011001101101011011001
1100100101001001100100101001001100100101
1100100101001101100100101001101100100101
1100100101101001100100101101001100100101
1100100110100101100100110100101100100110
1100100110101101100100110101101100100110
1100100110110101100100110110101100100110
1100101001001101100101001001101100101001
1100101001011001100101001011001100101001
1100101001100101100101001100101100101001
1100101001101001100101001101001100101001
1100101100101001100101100101001100101100
1100101100110101100101100110101100101100
1100101101001001100101101001001100101101
1100101101001101100101101001101100101101
1100101101011001100101101011001100101101
1100110010100101100110010100101100110010
1100110010110101100110010110101100110010
1100110100101001100110100101001100110100
1100110100101101100110100101101100110100
1100110100110101100110100110101100110100
1100110101100101100110101100101100110101
1100110101101001100110101101001100110101
1100110110100101100110110100101100110110
1100110110101101100110110101101100110110
1101001001100101101001001100101101001001
1101001010011001101001010011001101001010
1101001011001001101001011001001101001011
1101001011001101101001011001101101001011
1101001011011001101001011011001101001011
1101001100100101101001100100101101001100
1101001100101001101001100101001101001100
1101001100110101101001100110101101001100
1101001101011001101001101011001101001101
1101001101100101101001101100101101001101
1101011001001101101011001001101101011001
1101011001011001101011001011001101011001
1101011001100101101011001100101101011001
1101011001101001101011001101001101011001
1101011010011001101011010011001101011010
1101011011001001101011011001001101011011
1101011011001101101011011001101101011011
1101100100101001101100100101001101100100
1101100100110101101100100110101101100100
1101100101001001101100101001001101100101
1101100101101001101100101101001101100101
1101100110100101101100110100101101100110
1101100110110101101100110110101101100110
1101101001011001101101001011001101101001
1101101011001001101101011001001101101011
1101101011011001101101011011001101101011