01021012021020102101210212010201210212021012010201210120210201210212
01021012021020102101210212010210120212010201210120102120210201210212
01021012021020102120121012021201020121021201021012102120210201210212
01021012021020102120121020120210120102120210121020102120210201210212
-
01021012021020102101210212010201210212021012010201210120210201210212
01021012021020102101210212010210120212010201210120102120210201210212
01021012021020102120121012021201020121021201021012102120210201210212
01021012021020102120210120102120121020120210121020102120210201210212
-
01021012021020102101210212010201210212021012010201210120210201210212
01021012021020102101210212010210120212010201210120102120210201210212
01021012021020102120121012021201020121021201021012102120210201210212
01021012021020102120210121020102101202102012101201020120210201210212
-
01021012021020102101210212010201210212021012010201210120210201210212
01021012021020102101210212010210120212010201210120102120210201210212
01021012021020102120121012021201020121021201021012102120210201210212
01021012021020102120210121020120210120102120121020102120210201210212
-
01021012021020102101210212010201210212021012010201210120210201210212
01021012021020102101210212010210120212010201210120102120210201210212
01021012021020102120121012021201020121021201021012102120210201210212
01021012021020102120210121021201020121021202101201020120210201210212
-
01021012021020102101210212010201210212021012010201210120210201210212
01021012021020102101210212010210120212010201210120102120210201210212
01021012021020102120121020120210120102120210121020102120210201210212
01021012021020102120210120102120121020120210121020102120210201210212
-
01021012021020102101210212010201210212021012010201210120210201210212
01021012021020102101210212010210120212010201210120102120210201210212
01021012021020102120121020120210120102120210121020102120210201210212
01021012021020102120210121020102101202102012101201020120210201210212
-
01021012021020102101210212010201210212021012010201210120210201210212
01021012021020102101210212010210120212010201210120102120210201210212
01021012021020102120121020120210120102120210121020102120210201210212
01021012021020102120210121020120210120102120121020102120210201210212
-
01021012021020102101210212010201210212021012010201210120210201210212
01021012021020102101210212010210120212010201210120102120210201210212
01021012021020102120121020120210120102120210121020102120210201210212
01021012021020102120210121021201020121021202101201020120210201210212
-
01021012021020102101210212010201210212021012010201210120210201210212
01021012021020102101210212010210120212010201210120102120210201210212
01021012021020102120210120102120121020120210121020102120210201210212
01021012021020102120210121020102101202102012101201020120210201210212
-
01021012021020102101210212010201210212021012010201210120210201210212
01021012021020102101210212010210120212010201210120102120210201210212
01021012021020102120210120102120121020120210121020102120210201210212
01021012021020102120210121020120210120102120121020102120210201210212
-
01021012021020102101210212010201210212021012010201210120210201210212
01021012021020102101210212010210120212010201210120102120210201210212
01021012021020102120210120102120121020120210121020102120210201210212
01021012021020102120210121021201020121021202101201020120210201210212
-
01021012021020102101210212010201210212021012010201210120210201210212
01021012021020102101210212010210120212010201210120102120210201210212
01021012021020102120210121020102101202102012101201020120210201210212
01021012021020102120210121020120210120102120121020102120210201210212
-
01021012021020102101210212010201210212021012010201210120210201210212
01021012021020102101210212010210120212010201210120102120210201210212
01021012021020102120210121020102101202102012101201020120210201210212
01021012021020102120210121021201020121021202101201020120210201210212
-
01021012021020102101210212010201210212021012010201210120210201210212
01021012021020102101210212010210120212010201210120102120210201210212
01021012021020102120210121020120210120102120121020102120210201210212
01021012021020102120210121021201020121021202101201020120210201210212
-
01021012021020102101210212010201210212021012010201210120210201210212
01021012021020102120121012021201020121021201021012102120210201210212
01021012021020102120121020120210120102120210121020102120210201210212
01021012021020102120210120102120121020120212010201210120210201210212
-
01021012021020102101210212010201210212021012010201210120210201210212
01021012021020102120121012021201020121021201021012102120210201210212
01021012021020102120121020120210120102120210121020102120210201210212
01021012021020102120210121020102101202102012101201020120210201210212
-
01021012021020102101210212010201210212021012010201210120210201210212
01021012021020102120121012021201020121021201021012102120210201210212
01021012021020102120121020120210120102120210121020102120210201210212
01021012021020102120210121020102120121020120210120102120210201210212
-
01021012021020102101210212010201210212021012010201210120210201210212
01021012021020102120121012021201020121021201021012102120210201210212
01021012021020102120121020120210120102120210121020102120210201210212
01021012021020102120210121020120210120102120121020102120210201210212
-
01021012021020102101210212010201210212021012010201210120210201210212
01021012021020102120121012021201020121021201021012102120210201210212
01021012021020102120121020120210120102120210121020102120210201210212
01021012021020102120210121021201020121021202101201020120210201210212
-