012101201021012021020121012021201210212010210120210201210212
012101201021012021201210212010210120210201021012010201210212
012101201021012102120102012021012102012021201021012102010212
012101201021012102120102012101201021202102012101202102010212
-
012101201021012021020121012021201210212010210120210201210212
012101201021012021201210212010210120210201021012010201210212
012101201021012102120102012021012102012021201021012102010212
012101201021012102120102012102120210121020102120210201210212
-
012101201021012021020121012021201210212010210120210201210212
012101201021012021201210212010210120210201021012010201210212
012101201021012102120102012021012102012021201021012102010212
012101201021012102120102101201020120210120102120210201210212
-
012101201021012021020121012021201210212010210120210201210212
012101201021012021201210212010210120210201021012010201210212
012101201021012102120102012021012102012021201021012102010212
012101201021012102120102101201020120210201210212021020120212
-
012101201021012021020121012021201210212010210120210201210212
012101201021012021201210212010210120210201021012010201210212
012101201021012102120102012021012102012021201021012102010212
012101201021012102120102101201020121021201020120210201210212
-
012101201021012021020121012021201210212010210120210201210212
012101201021012021201210212010210120210201021012010201210212
012101201021012102120102012021012102012021201021012102010212
012101201021012102120102101202102010210120102012021012010212
-
012101201021012021020121012021201210212010210120210201210212
012101201021012021201210212010210120210201021012010201210212
012101201021012102120102012021012102012021201021012102010212
012101201021012102120102101202102012021201021012010201210212
-
012101201021012021020121012021201210212010210120210201210212
012101201021012021201210212010210120210201021012010201210212
012101201021012102120102012021012102012021201021012102010212
012101201021012102120102101202120121021201020120210201210212
-
012101201021012021020121012021201210212010210120210201210212
012101201021012021201210212010210120210201021012010201210212
012101201021012102120102012101201021202102012101202102010212
012101201021012102120102012102120210121020102120210201210212
-
012101201021012021020121012021201210212010210120210201210212
012101201021012021201210212010210120210201021012010201210212
012101201021012102120102012101201021202102012101202102010212
012101201021012102120102101201020120210120102120210201210212
-
012101201021012021020121012021201210212010210120210201210212
012101201021012021201210212010210120210201021012010201210212
012101201021012102120102012101201021202102012101202102010212
012101201021012102120102101201020120210201210212021020120212
-
012101201021012021020121012021201210212010210120210201210212
012101201021012021201210212010210120210201021012010201210212
012101201021012102120102012101201021202102012101202102010212
012101201021012102120102101201020121021201020120210201210212
-
012101201021012021020121012021201210212010210120210201210212
012101201021012021201210212010210120210201021012010201210212
012101201021012102120102012101201021202102012101202102010212
012101201021012102120102101202102010210120102012021012010212
-
012101201021012021020121012021201210212010210120210201210212
012101201021012021201210212010210120210201021012010201210212
012101201021012102120102012101201021202102012101202102010212
012101201021012102120102101202102012021201021012010201210212
-
012101201021012021020121012021201210212010210120210201210212
012101201021012021201210212010210120210201021012010201210212
012101201021012102120102012101201021202102012101202102010212
012101201021012102120102101202120121021201020120210201210212
-
012101201021012021020121012021201210212010210120210201210212
012101201021012021201210212010210120210201021012010201210212
012101201021012102120102012102120210121020102120210201210212
012101201021012102120102101201020120210120102120210201210212
-
012101201021012021020121012021201210212010210120210201210212
012101201021012021201210212010210120210201021012010201210212
012101201021012102120102012102120210121020102120210201210212
012101201021012102120102101201020120210201210212021020120212
-
012101201021012021020121012021201210212010210120210201210212
012101201021012021201210212010210120210201021012010201210212
012101201021012102120102012102120210121020102120210201210212
012101201021012102120102101201020121021201020120210201210212
-
012101201021012021020121012021201210212010210120210201210212
012101201021012021201210212010210120210201021012010201210212
012101201021012102120102012102120210121020102120210201210212
012101201021012102120102101202102010210120102012021012010212
-
012101201021012021020121012021201210212010210120210201210212
012101201021012021201210212010210120210201021012010201210212
012101201021012102120102012102120210121020102120210201210212
012101201021012102120102101202102012021201021012010201210212
-