01021012021020102101201020120210120102120121020102120210201210212
01021012021020102101201020120210121020120212012102120210201210212
01021012021020102101201020120212010210121021201020120210201210212
01021012021020102101201021202101210201202102010210120210201210212
-
01021012021020102101201020120210120102120121020102120210201210212
01021012021020102101201020120210121020120212012102120210201210212
01021012021020102101201020121021201021012021201020120210201210212
01021012021020102101201021201210201021202101201020120210201210212
-
01021012021020102101201020120210120102120121020102120210201210212
01021012021020102101201020120210121020120212012102120210201210212
01021012021020102101201020121021201021012021201020120210201210212
01021012021020102101201021202101210201202101201020120210201210212
-
01021012021020102101201020120210120102120121020102120210201210212
01021012021020102101201020120210121020120212012102120210201210212
01021012021020102101201020121021201021012021201020120210201210212
01021012021020102101201021202101210201202102010210120210201210212
-
01021012021020102101201020120210120102120121020102120210201210212
01021012021020102101201020120210121020120212012102120210201210212
01021012021020102101201020121021201021012021201020120210201210212
01021012021020102101210201202120121020102101201020120210201210212
-
01021012021020102101201020120210120102120121020102120210201210212
01021012021020102101201020120210121020120212012102120210201210212
01021012021020102101201020121021201021012021201020120210201210212
01021012021020102101210212012101201021202101201020120210201210212
-
01021012021020102101201020120210120102120121020102120210201210212
01021012021020102101201020120210121020120212012102120210201210212
01021012021020102101201021201210201021202101201020120210201210212
01021012021020102101201021202101210201202102010210120210201210212
-
01021012021020102101201020120210120102120121020102120210201210212
01021012021020102101201020120210121020120212012102120210201210212
01021012021020102101201021202101210201202102010210120210201210212
01021012021020102101210201202120121020102101201020120210201210212
-
01021012021020102101201020120210120102120121020102120210201210212
01021012021020102101201020120210121020120212012102120210201210212
01021012021020102101201021202101210201202102010210120210201210212
01021012021020102101210212012101201021202101201020120210201210212
-
01021012021020102101201020120210120102120121020102120210201210212
01021012021020102101201020120210121020120212012102120210201210212
01021012021020102101210201202120121020102101201020120210201210212
01021012021020102101210212012101201021202101201020120210201210212
-
01021012021020102101201020120210120102120121020102120210201210212
01021012021020102101201020120210201210120212012102120210201210212
01021012021020102101201020120212010210121021201020120210201210212
01021012021020102101201021202101210201202102010210120210201210212
-
01021012021020102101201020120210120102120121020102120210201210212
01021012021020102101201020120210201210120212012102120210201210212
01021012021020102101201020121021201021012021201020120210201210212
01021012021020102101201021201210201021202101201020120210201210212
-
01021012021020102101201020120210120102120121020102120210201210212
01021012021020102101201020120210201210120212012102120210201210212
01021012021020102101201020121021201021012021201020120210201210212
01021012021020102101201021202101210201202101201020120210201210212
-
01021012021020102101201020120210120102120121020102120210201210212
01021012021020102101201020120210201210120212012102120210201210212
01021012021020102101201020121021201021012021201020120210201210212
01021012021020102101201021202101210201202102010210120210201210212
-
01021012021020102101201020120210120102120121020102120210201210212
01021012021020102101201020120210201210120212012102120210201210212
01021012021020102101201020121021201021012021201020120210201210212
01021012021020102101210201202120121020102101201020120210201210212
-
01021012021020102101201020120210120102120121020102120210201210212
01021012021020102101201020120210201210120212012102120210201210212
01021012021020102101201020121021201021012021201020120210201210212
01021012021020102101210212012101201021202101201020120210201210212
-
01021012021020102101201020120210120102120121020102120210201210212
01021012021020102101201020120210201210120212012102120210201210212
01021012021020102101201021201210201021202101201020120210201210212
01021012021020102101201021202101210201202102010210120210201210212
-
01021012021020102101201020120210120102120121020102120210201210212
01021012021020102101201020120210201210120212012102120210201210212
01021012021020102101201021202101210201202102010210120210201210212
01021012021020102101210201202120121020102101201020120210201210212
-
01021012021020102101201020120210120102120121020102120210201210212
01021012021020102101201020120210201210120212012102120210201210212
01021012021020102101201021202101210201202102010210120210201210212
01021012021020102101210212012101201021202101201020120210201210212
-
01021012021020102101201020120210120102120121020102120210201210212
01021012021020102101201020120210201210120212012102120210201210212
01021012021020102101210201202120121020102101201020120210201210212
01021012021020102101210212012101201021202101201020120210201210212
-