010210120210201202101201021012021020102120210120102120121020120210201210212
010210120210201202101201021012021020121021201021012021201020120210201210212
010210120210201202101201021201210201021202102012102120121020120210201210212
010210120210201210212012102010212012101202102012102120121020120210201210212
-
010210120210201202101201021012021020121012010212021012010210120210201210212
010210120210201202101201021012021201021202102012021012010210120210201210212
010210120210201202101201021201210201021202102012102120121020120210201210212
010210120210201202120102012102120102101202102012102120121020120210201210212
-
010210120210201202101201021012021020102120210120102120121020120210201210212
010210120210201202101201021012021020121012010212021012010210120210201210212
010210120210201202101201021201210201021202102012102120121020120210201210212
010210120210201202120102012102120102101202102012102120121020120210201210212
-
010210120210201202101201021012021020102120210120102120121020120210201210212
010210120210201202101201021012021201021202102012021012010210120210201210212
010210120210201202101201021201210201021202102012102120121020120210201210212
010210120210201202120102012102120102101202102012102120121020120210201210212
-
010210120210201202101201021012021020102120210120102120121020120210201210212
010210120210201202101201021012021020121021201021012021201020120210201210212
010210120210201202101201021201210201021202102012102120121020120210201210212
010210120210201210212012102012021020102120102012102120121020120210201210212
-
010210120210201202101201021012021020102120210120102120121020120210201210212
010210120210201202101201021012021020121021201021012021201020120210201210212
010210120210201210212012102010212012101202102012102120121020120210201210212
010210120210201210212012102012021020102120102012102120121020120210201210212
-
010210120210201202101201021012021020102120210120102120121020120210201210212
010210120210201202101201021012021020121021201021012021201020120210201210212
010210120210201202101201021201210201021202102012102120121020120210201210212
010210120210201202120102012102120102101202102012102120121020120210201210212
-
