01021012021020120210120102101202102010210120102012021012010210120210201210212
01021012021020120210120102101202120102101210201021012021201020120210201210212
01021012021020120210120102012021020102101202102012102120121020120210201210212
01021012021020120212010201210212021012102120102012102120121020120210201210212
-
01021012021020120210120102101202102012102120210201202120121020120210201210212
01021012021020120210120102012021020102101202102012102120121020120210201210212
01021012021020120212010201210212021012102120102012102120121020120210201210212
01021012021020121021201210201202120121021202102012102120121020120210201210212
-
01021012021020120210120102101202102010210120102012021012010210120210201210212
01021012021020120210120102101202102012102120210201202120121020120210201210212
01021012021020120210120102101202120102101210201021012021201020120210201210212
01021012021020120210120102101202120121021202102012102120121020120210201210212
-
01021012021020120210120102101202120102101210201021012021201020120210201210212
01021012021020120210120102101202120121021202102012021012010210120210201210212
01021012021020120210120102012021020102101202102012102120121020120210201210212
01021012021020120212010201210212021012102120102012102120121020120210201210212
-
01021012021020120210120102101202102012102120210201202120121020120210201210212
01021012021020120210120102101202120102101210201021012021201020120210201210212
01021012021020120210120102012021020102101202102012102120121020120210201210212
01021012021020121021201210201202120121021202102012102120121020120210201210212
-
01021012021020120210120102101202102010210120102012102120121020120210201210212
01021012021020120210120102012021020102101202102012102120121020120210201210212
01021012021020120212010201210212021012102120102012102120121020120210201210212
01021012021020121021201210201202120121021202102012102120121020120210201210212
-
01021012021020120210120102101202102012102120210201202120121020120210201210212
01021012021020120210120102101202120102101210201021012021201020120210201210212
01021012021020120212010201210212021012102120102012102120121020120210201210212
01021012021020121021201210201202102010210120102012102120121020120210201210212
-
01021012021020120210120102101202102012102120210201202120121020120210201210212
01021012021020120210120102101202120121021202102012102120121020120210201210212
01021012021020120212010201210212021012102120102012102120121020120210201210212
01021012021020121021201210201202102010210120102012102120121020120210201210212
-
01021012021020120210120102101202102010210120102012021012010210120210201210212
01021012021020120210120102101202102012102120210201202120121020120210201210212
01021012021020120210120102101202120121021202102012102120121020120210201210212
01021012021020120212010201210212021012102120102012102120121020120210201210212
-
01021012021020120210120102101202102010210120102012021012010210120210201210212
01021012021020120210120102101202120121021202102012021012010210120210201210212
01021012021020120210120102012021020102101202102012102120121020120210201210212
01021012021020120212010201210212021012102120102012102120121020120210201210212
-
01021012021020120210120102101202102012102120210201202120121020120210201210212
01021012021020120210120102101202120102101210201021012021201020120210201210212
01021012021020120210120102012021020102101202102012102120121020120210201210212
01021012021020120212010201210212021012102120102012102120121020120210201210212
-
01021012021020120210120102101202102010210120102012102120121020120210201210212
01021012021020120210120102101202120102101210201021012021201020120210201210212
01021012021020120210120102012021020102101202102012102120121020120210201210212
01021012021020121021201210201202120121021202102012102120121020120210201210212
-
01021012021020120210120102101202102010210120102012021012010210120210201210212
01021012021020120210120102101202102012102120210201202120121020120210201210212
01021012021020120210120102101202120102101210201021012021201020120210201210212
01021012021020120210120102101202120121021202102012102120121020120210201210212
-
01021012021020120210120102101202102010210120102012021012010210120210201210212
01021012021020120210120102101202102012102120210201202120121020120210201210212
01021012021020120210120102012021020102101202102012102120121020120210201210212
01021012021020120212010201210212021012102120102012102120121020120210201210212
-
01021012021020120210120102101202102012102120210201202120121020120210201210212
01021012021020120210120102101202120121021202102012102120121020120210201210212
01021012021020120212010201210212021012102120102012102120121020120210201210212
01021012021020121021201210201202102010210120102012102120121020120210201210212
-
01021012021020120210120102101202120102101210201021012021201020120210201210212
01021012021020120210120102012021020102101202102012102120121020120210201210212
01021012021020120210120102101202102010210120102012102120121020120210201210212
01021012021020121021201210201202120121021202102012102120121020120210201210212
-
01021012021020120210120102101202102010210120102012102120121020120210201210212
01021012021020120210120102101202120102101210201021012021201020120210201210212
01021012021020120210120102101202120121021202102012021012010210120210201210212
01021012021020120210120102012021020102101202102012102120121020120210201210212
-
01021012021020120210120102101202102010210120102012021012010210120210201210212
01021012021020120210120102101202102012102120210201202120121020120210201210212
01021012021020120210120102101202120121021202102012102120121020120210201210212
01021012021020120212010201210212021012102120102012102120121020120210201210212
-
01021012021020120210120102101202102012102120210201202120121020120210201210212
01021012021020120210120102101202120102101210201021012021201020120210201210212
01021012021020121021201210201202102010210120102012102120121020120210201210212
01021012021020121021201210201202120121021202102012102120121020120210201210212
-
01021012021020120210120102101202102010210120102012021012010210120210201210212
01021012021020120210120102101202102012102120210201202120121020120210201210212
01021012021020120210120102101202120102101210201021012021201020120210201210212
01021012021020120212010201210212021012102120102012102120121020120210201210212
-
01021012021020120210120102101202102012102120210201202120121020120210201210212
01021012021020120210120102101202120102101210201021012021201020120210201210212
01021012021020120212010201210212021012102120102012102120121020120210201210212
01021012021020121021201210201202120121021202102012102120121020120210201210212
-
01021012021020120210120102101202102010210120102012021012010210120210201210212
01021012021020120210120102101202102012102120210201202120121020120210201210212
01021012021020120210120102101202120102101210201021012021201020120210201210212
01021012021020120210120102012021020102101202102012102120121020120210201210212
-
01021012021020120210120102101202120102101210201021012021201020120210201210212
01021012021020120210120102012021020102101202102012102120121020120210201210212
01021012021020120212010201210212021012102120102012102120121020120210201210212
01021012021020121021201210201202120121021202102012102120121020120210201210212
-
01021012021020120210120102101202120102101210201021012021201020120210201210212
01021012021020120210120102101202120121021202102012021012010210120210201210212
01021012021020120210120102012021020102101202102012102120121020120210201210212
01021012021020120210120102101202102010210120102012102120121020120210201210212
-
01021012021020120210120102012021020102101202102012102120121020120210201210212
01021012021020120210120102101202102010210120102012102120121020120210201210212
01021012021020120212010201210212021012102120102012102120121020120210201210212
01021012021020121021201210201202120121021202102012102120121020120210201210212
-
