-
0102101202102010212012101202120121020120210121020102120210201210212
0102101202102010212012102012021201020120210121020102120210201210212
0102101202102010212021012010201210120102120121020102120210201210212
0102101202102010212021012010212012101202120121020102120210201210212
-
0102101202102010212012101202120121020120210121020102120210201210212
0102101202102010212012102012021201020120210121020102120210201210212
0102101202102010212021012010201210120102120121020102120210201210212
0102101202102010212021012102012021012010201210120102120210201210212
-
0102101202102010212012101202120121020120210121020102120210201210212
0102101202102010212012102012021201020120210121020102120210201210212
0102101202102010212021012010201210120102120121020102120210201210212
0102101202102010212021012102012021201020120210120102120210201210212
-
0102101202102010212012101202120121020120210121020102120210201210212
0102101202102010212012102012021201020120210121020102120210201210212
0102101202102010212021012010201210120102120121020102120210201210212
0102101202102010212021020121012021201020120210120102120210201210212
-
0102101202102010212012101202120121020120210121020102120210201210212
0102101202102010212012102012021201020120210121020102120210201210212
0102101202102010212021012010212012101202120121020102120210201210212
0102101202102010212021012102012021012010201210120102120210201210212
-
0102101202102010212012101202120121020120210121020102120210201210212
0102101202102010212012102012021201020120210121020102120210201210212
0102101202102010212021012010212012101202120121020102120210201210212
0102101202102010212021012102012021201020120210120102120210201210212
-
0102101202102010212012101202120121020120210121020102120210201210212
0102101202102010212012102012021201020120210121020102120210201210212
0102101202102010212021012010212012101202120121020102120210201210212
0102101202102010212021020121012021201020120210120102120210201210212
-
0102101202102010212012101202120121020120210121020102120210201210212
0102101202102010212012102012021201020120210121020102120210201210212
0102101202102010212021012102012021012010201210120102120210201210212
0102101202102010212021012102012021201020120210120102120210201210212
-
0102101202102010212012101202120121020120210121020102120210201210212
0102101202102010212012102012021201020120210121020102120210201210212
0102101202102010212021012102012021012010201210120102120210201210212
0102101202102010212021020121012021201020120210120102120210201210212
-
0102101202102010212012101202120121020120210121020102120210201210212
0102101202102010212012102012021201020121012021020102120210201210212
0102101202102010212021012010201210120102120121020102120210201210212
0102101202102010212021012010212012101202120121020102120210201210212
-
0102101202102010212012101202120121020120210121020102120210201210212
0102101202102010212012102012021201020121012021020102120210201210212
0102101202102010212021012010201210120102120121020102120210201210212
0102101202102010212021012102012021012010201210120102120210201210212
-
0102101202102010212012101202120121020120210121020102120210201210212
0102101202102010212012102012021201020121012021020102120210201210212
0102101202102010212021012010201210120102120121020102120210201210212
0102101202102010212021012102012021201020120210120102120210201210212
-
0102101202102010212012101202120121020120210121020102120210201210212
0102101202102010212012102012021201020121012021020102120210201210212
0102101202102010212021012010201210120102120121020102120210201210212
0102101202102010212021020121012021201020120210120102120210201210212
-
0102101202102010212012101202120121020120210121020102120210201210212
0102101202102010212012102012021201020121012021020102120210201210212
0102101202102010212021012010212012101202120121020102120210201210212
0102101202102010212021012102012021012010201210120102120210201210212
-
0102101202102010212012101202120121020120210121020102120210201210212
0102101202102010212012102012021201020121012021020102120210201210212
0102101202102010212021012010212012101202120121020102120210201210212
0102101202102010212021012102012021201020120210120102120210201210212
-
0102101202102010212012101202120121020120210121020102120210201210212
0102101202102010212012102012021201020121012021020102120210201210212
0102101202102010212021012010212012101202120121020102120210201210212
0102101202102010212021020121012021201020120210120102120210201210212
-
0102101202102010212012101202120121020120210121020102120210201210212
0102101202102010212012102012021201020121012021020102120210201210212
0102101202102010212021012102012021012010201210120102120210201210212
0102101202102010212021012102012021201020120210120102120210201210212
-
0102101202102010212012101202120121020120210121020102120210201210212
0102101202102010212012102012021201020121012021020102120210201210212
0102101202102010212021012102012021012010201210120102120210201210212
0102101202102010212021020121012021201020120210120102120210201210212
-
0102101202102010212012101202120121020120210121020102120210201210212
0102101202102010212021012010201210120102120121020102120210201210212
0102101202102010212021012010212012101202120121020102120210201210212
0102101202102010212021012102012021012010201210120102120210201210212
-
0102101202102010212012101202120121020120210121020102120210201210212
0102101202102010212021012010201210120102120121020102120210201210212
0102101202102010212021012010212012101202120121020102120210201210212
0102101202102010212021012102012021201020120210120102120210201210212