
01021012021020102101201020120210120102120121012021020102120210201210212
01021012021020102101201020120210201210120102120121020102120210201210212
01021012021020102101201020121021202102010210120212012102120210201210212
01021012021020102101201020121021202102012021201021012102120210201210212
-
01021012021020102101201020120210120102120121012021020102120210201210212
01021012021020102101201020120210201210120102120121020102120210201210212
01021012021020102101201020121021202102010210120212012102120210201210212
01021012021020102101201021201210120212012102010212012102120210201210212
-
01021012021020102101201020120210120102120121012021020102120210201210212
01021012021020102101201020120210201210120102120121020102120210201210212
01021012021020102101201020121021202102010210120212012102120210201210212
01021012021020102101201021201210201202120121012021012102120210201210212
-
01021012021020102101201020120210120102120121012021020102120210201210212
01021012021020102101201020120210201210120102120121020102120210201210212
01021012021020102101201020121021202102010210120212012102120210201210212
01021012021020102101201021201210212021012021201021012102120210201210212
-
01021012021020102101201020120210120102120121012021020102120210201210212
01021012021020102101201020120210201210120102120121020102120210201210212
01021012021020102101201020121021202102010210120212012102120210201210212
01021012021020102101201021201210212021020121012021012102120210201210212
-
01021012021020102101201020120210120102120121012021020102120210201210212
01021012021020102101201020120210201210120102120121020102120210201210212
01021012021020102101201020121021202102010210120212012102120210201210212
01021012021020102101201021202101201020121012010212012102120210201210212
-
01021012021020102101201020120210120102120121012021020102120210201210212
01021012021020102101201020120210201210120102120121020102120210201210212
01021012021020102101201020121021202102010210120212012102120210201210212
01021012021020102101210201021202101210212010210121020102120210201210212
-
01021012021020102101201020120210120102120121012021020102120210201210212
01021012021020102101201020120210201210120102120121020102120210201210212
01021012021020102101201020121021202102010210120212012102120210201210212
01021012021020102101210201210120102012021012010212012102120210201210212
-