01021012021020102120121012021201210201021012021020102120210201210212
01021012021020102120121020120212012102120210121020102120210201210212
01021012021020102120210120102120121012010210121020102120210201210212
01021012021020102120210121020102101201020120210120102120210201210212
-
01021012021020102120121012021201210201021012021020102120210201210212
01021012021020102120121020120212012102120210121020102120210201210212
01021012021020102120210120102120121012010210121020102120210201210212
01021012021020102120210121020120210120102012021020102120210201210212
-
01021012021020102120121012021201210201021012021020102120210201210212
01021012021020102120121020120212012102120210121020102120210201210212
01021012021020102120210120102120121012010210121020102120210201210212
01021012021020102120210121020120210120102120121020102120210201210212
-
01021012021020102120121012021201210201021012021020102120210201210212
01021012021020102120121020120212012102120210121020102120210201210212
01021012021020102120210120102120121012010210121020102120210201210212
01021012021020102120210121021201210120102120121020102120210201210212
-
01021012021020102120121012021201210201021012021020102120210201210212
01021012021020102120121020120212012102120210121020102120210201210212
01021012021020102120210120102120121020120210121020102120210201210212
01021012021020102120210121020102101201020120210120102120210201210212
-
01021012021020102120121012021201210201021012021020102120210201210212
01021012021020102120121020120212012102120210121020102120210201210212
01021012021020102120210120102120121020120210121020102120210201210212
01021012021020102120210121020120210120102012021020102120210201210212
-
01021012021020102120121012021201210201021012021020102120210201210212
01021012021020102120121020120212012102120210121020102120210201210212
01021012021020102120210120102120121020120210121020102120210201210212
01021012021020102120210121020120210120102120121020102120210201210212
-
01021012021020102120121012021201210201021012021020102120210201210212
01021012021020102120121020120212012102120210121020102120210201210212
01021012021020102120210120102120121020120210121020102120210201210212
01021012021020102120210121021201210120102120121020102120210201210212
-