0102101202102010212012102012021201210120102120121020102120210201210212
0102101202102010212012102012021201210212010210121020102120210201210212
0102101202102010212021012010212012101201020120210120102120210201210212
0102101202102010212021012102120102101201020120210120102120210201210212
-
0102101202102010212012102012021201210120102120121020102120210201210212
0102101202102010212021012010201210120102120210121020102120210201210212
0102101202102010212021012010212012101201020120210120102120210201210212
0102101202102010212021012102010210120212010210121020102120210201210212
-
0102101202102010212012102012021201210120102120121020102120210201210212
0102101202102010212021012010201210120102120210121020102120210201210212
0102101202102010212021012010212012101201020120210120102120210201210212
0102101202102010212021012102010212012101202120121020102120210201210212
-
0102101202102010212012102012021201210120102120121020102120210201210212
0102101202102010212021012010201210120102120210121020102120210201210212
0102101202102010212021012010212012101201021012021020102120210201210212
0102101202102010212021012102010210120212010210121020102120210201210212
-
0102101202102010212012102012021201210120102120121020102120210201210212
0102101202102010212021012010201210120102120210121020102120210201210212
0102101202102010212021012010212012101201021012021020102120210201210212
0102101202102010212021012102010212012101202120121020102120210201210212
-
0102101202102010212012102012021201210120102120121020102120210201210212
0102101202102010212021012010201210120102120210121020102120210201210212
0102101202102010212021012010212012101201021012021020102120210201210212
0102101202102010212021012102120102101201020120210120102120210201210212
-
0102101202102010212012102012021201210120102120121020102120210201210212
0102101202102010212021012010201210120102120210121020102120210201210212
0102101202102010212021012102010210120212010210121020102120210201210212
0102101202102010212021012102120102101201020120210120102120210201210212
-
0102101202102010212012102012021201210120102120121020102120210201210212
0102101202102010212021012010201210120102120210121020102120210201210212
0102101202102010212021012102010212012101202120121020102120210201210212
0102101202102010212021012102120102101201020120210120102120210201210212
-