-
0102101202102012021012010212012102012021012010210121020120210120102012102120210201210212
0102101202102010212021012102010210120212010210120102012102120102101201020120210201210212
0102101202102012021012010212012102120102101202102012021201021012021020102120210201210212
0102101202102012021012010212012102120210120102120121012021012102120121020120210201210212
-
0102101202102012021012010212012102012021012010210121020120210120102012102120210201210212
0102101202102012021012010210121020120210120102120121021202101201021201210120210201210212
0102101202102010212021020121021201020120210201210212010210120102120121020120210201210212
0102101202102012101201021201210201021012010212012102012021012010210121020120210201210212
-
0102101202102012021012010212012102012021012010210121020120210120102012102120210201210212
0102101202102012021012102120121020120210120102120121021202101201021201210120210201210212
0102101202102012021012010210121020121012010212012102010210120102120121020120210201210212
0102101202102012101201021201210201021012010212012102012021012010212012102120210201210212
-
0102101202102010212021012102010210120212010210120102012102120102101201020120210201210212
0102101202102012021012010212012102120210120102120121012021012102120121020120210201210212
0102101202102012021012102120121020120210120102120121021202101201021201210120210201210212
0102101202102012101201021201210201021012010212012102012021012102120121020120210201210212
-
0102101202102012021012010212012102012021012010210121020120210120102012102120210201210212
0102101202102010210120212012102012021012102120121020120210120102120121020120210201210212
0102101202102012021012010212012102120210120102120121012021012102120121020120210201210212
0102101202102012101201021201210201021012010212012102012021012010212012102120210201210212
-
0102101202102012021012010212012102120102101202102012021201021012021020102120210201210212
0102101202102012021012010210121020120210120102120121021202101201021201210120210201210212
0102101202102012101201021201210201021012010212012102012021012010210121020120210201210212
0102101202102012101201021201210201021012010212012102012021012102120121020120210201210212
-
0102101202102012102120121012010210121021201210120102012021020102101201020120210201210212
0102101202102010212021012102010210120212010210120102012102120102101201020120210201210212
0102101202102012021012010210121020121012010212012102010210120102120121020120210201210212
0102101202102012101201021201210201021012010212012102012021012102120121020120210201210212
-
0102101202102010212021012102010210120212010210120102012102120102101201020120210201210212
0102101202102012021012010210121020120210120102120121021202101201021201210120210201210212
0102101202102012021012010212012102120210120102120121012021012102120121020120210201210212
0102101202102012101201021201210201021012010212012102012021012010210121020120210201210212
-
0102101202102012021012010212012102012021012010210121020120210120102012102120210201210212
0102101202102010212021012102010210120212010210120102012102120102101201020120210201210212
0102101202102010210120212012102012021012102120121020120210120102120121020120210201210212
0102101202102012101201021201210201021012010212012102012021012010212012102120210201210212
-
0102101202102010212021012102010210120212010210120102012102120102101201020120210201210212
0102101202102012021012010210121020120210120102120121021202101201021201210120210201210212
0102101202102010212021020121021201020120210201210212010210120102120121020120210201210212
0102101202102012101201021201210201021012010212012102012021012102120121020120210201210212
-
0102101202102012021012010212012102120210120102120121012021012102120121020120210201210212
0102101202102012021012102120121020120210120102120121021202101201021201210120210201210212
0102101202102010212021020121021201020120210201210212010210120102120121020120210201210212
0102101202102012101201021201210201021012010212012102012021012102120121020120210201210212
-
0102101202102012021201210212010210120212012102120102012102120210121020102120210201210212
0102101202102012021012010210121020120210120102120121021202101201021201210120210201210212
0102101202102012021012010210121020121012010212012102010210120102120121020120210201210212
0102101202102012101201021201210201021012010212012102012021012010212012102120210201210212
-
0102101202102012102120121012010210121021201210120102012021020102101201020120210201210212
0102101202102010212021020121021201020120210201210212010210120102120121020120210201210212
0102101202102012021012010210121020121012010212012102010210120102120121020120210201210212
0102101202102012101201021201210201021012010212012102012021012010212012102120210201210212
-
0102101202102010210120212012102012021012102120121020120210120102120121020120210201210212
0102101202102012021012010210121020120210120102120121021202101201021201210120210201210212
0102101202102012021201210212021020120210120102120121021202101201021201210120210201210212
0102101202102012101201021201210201021012010212012102012021012010212012102120210201210212
-
0102101202102012021012010212012102012021012010210121020120210120102012102120210201210212
0102101202102012021012010212012102120102101202102012021201021012021020102120210201210212
0102101202102010210120212012102012021012102120121020120210120102120121020120210201210212
0102101202102012021012010210121020121012010212012102010210120102120121020120210201210212
-
0102101202102012021012010212012102012021012010210121020120210120102012102120210201210212
0102101202102010212021012102010210120212010210120102012102120102101201020120210201210212
0102101202102012021012010212012102120102101202102012021201021012021020102120210201210212
0102101202102012021201210212021020120210120102120121021202101201021201210120210201210212
-
0102101202102012021201210212010210120212012102120102012102120210121020102120210201210212
0102101202102010210120212012102012021012102120121020120210120102120121020120210201210212
0102101202102012021201210212021020120210120102120121021202101201021201210120210201210212
0102101202102012101201021201210201021012010212012102012021012010212012102120210201210212
-
0102101202102012021012010212012102120102101202102012021201021012021020102120210201210212
0102101202102012021012010210121020120210120102120121021202101201021201210120210201210212
0102101202102012021012010210121020121012010212012102010210120102120121020120210201210212
0102101202102012101201021201210201021012010212012102012021020102101201020120210201210212
-
0102101202102010212021012102010210120212010210120102012102120102101201020120210201210212
0102101202102010210120212012102012021012102120121020120210120102120121020120210201210212
0102101202102012021012102120121020120210120102120121021202101201021201210120210201210212
0102101202102012101201021201210201021012010212012102012021012102120121020120210201210212
-
0102101202102010212021012102010210120212010210120102012102120102101201020120210201210212
0102101202102012021012010212012102120102101202102012021201021012021020102120210201210212
0102101202102012021012010212012102120210120102120121012021012102120121020120210201210212
0102101202102012021012102120121020120210120102120121021202101201021201210120210201210212
-
0102101202102012021012010212012102120102101202102012021201021012021020102120210201210212
0102101202102012021201210212021020120210120102120121021202101201021201210120210201210212
0102101202102012021012010210121020121012010212012102010210120102120121020120210201210212
0102101202102012101201021201210201021012010212012102012021020102101201020120210201210212
-
0102101202102012021012010212012102012021012010210121020120210120102012102120210201210212
0102101202102010212021012102010210120212010210120102012102120102101201020120210201210212
0102101202102010210120212012102012021012102120121020120210120102120121020120210201210212
0102101202102012101201021201210201021012010212012102012021020102101201020120210201210212
-
0102101202102012021012010212012102012021012010210121020120210120102012102120210201210212
0102101202102012021012010210121020120210120102120121021202101201021201210120210201210212
0102101202102012021012010212012102120210120102120121012021012102120121020120210201210212
0102101202102010212021020121021201020120210201210212010210120102120121020120210201210212
-
0102101202102012021201210212010210120212012102120102012102120210121020102120210201210212
0102101202102010212021012102010210120212010210120102012102120102101201020120210201210212
0102101202102010210120212012102012021012102120121020120210120102120121020120210201210212
0102101202102012021012010210121020121012010212012102010210120102120121020120210201210212
-
0102101202102012021012010210121020120210120102120121021202101201021201210120210201210212
0102101202102012021012102120121020120210120102120121021202101201021201210120210201210212
0102101202102010212021020121021201020120210201210212010210120102120121020120210201210212
0102101202102012101201021201210201021012010212012102012021012010212012102120210201210212
-
0102101202102012102120121012010210121021201210120102012021020102101201020120210201210212
0102101202102010212021012102010210120212010210120102012102120102101201020120210201210212
0102101202102010210120212012102012021012102120121020120210120102120121020120210201210212
0102101202102010212021020121021201020120210201210212010210120102120121020120210201210212
-
0102101202102012021012010212012102012021012010210121020120210120102012102120210201210212
0102101202102012021012010212012102120102101202102012021201021012021020102120210201210212
0102101202102012021012010210121020121012010212012102010210120102120121020120210201210212
0102101202102012101201021201210201021012010212012102012021012010212012102120210201210212
-
0102101202102012021012010212012102120102101202102012021201021012021020102120210201210212
0102101202102010210120212012102012021012102120121020120210120102120121020120210201210212
0102101202102012021012102120121020120210120102120121021202101201021201210120210201210212
0102101202102012021012010210121020121012010212012102010210120102120121020120210201210212
-
0102101202102012021012010212012102120210120102120121012021012102120121020120210201210212
0102101202102012021012102120121020120210120102120121021202101201021201210120210201210212
0102101202102012021201210212021020120210120102120121021202101201021201210120210201210212
0102101202102010212021020121021201020120210201210212010210120102120121020120210201210212
-
0102101202102012021012010212012102012021012010210121020120210120102012102120210201210212
0102101202102010210120212012102012021012102120121020120210120102120121020120210201210212
0102101202102010210120102120121020120210120102120121021202101201021201210120210201210212
0102101202102010212021020121021201020120210201210212010210120102120121020120210201210212
-
0102101202102012021012010212012102120102101202102012021201021012021020102120210201210212
0102101202102010210120102120121020120210120102120121021202101201021201210120210201210212
0102101202102012101201021201210201021012010212012102012021012010212012102120210201210212
0102101202102012101201021201210201021012010212012102012021012102120121020120210201210212
-
0102101202102012021012010212012102012021012010210121020120210120102012102120210201210212
0102101202102012021012010212012102120102101202102012021201021012021020102120210201210212
0102101202102012101201021201210201021012010212012102012021012010210121020120210201210212
0102101202102012101201021201210201021012010212012102012021020102101201020120210201210212
-
0102101202102012021201210212010210120212012102120102012102120210121020102120210201210212
0102101202102012021012010210121020120210120102120121021202101201021201210120210201210212
0102101202102012021012102120121020120210120102120121021202101201021201210120210201210212
0102101202102012101201021201210201021012010212012102012021012010212012102120210201210212
-
0102101202102012021201210212010210120212012102120102012102120210121020102120210201210212
0102101202102012021201210212021020120212012101201021012102120121012010210120210201210212
0102101202102012021012010210121020120210120102120121021202101201021201210120210201210212
0102101202102012021012010210121020121012010212012102010210120102120121020120210201210212
-
0102101202102010212021012102010210120212010210120102012102120102101201020120210201210212
0102101202102012021012010212012102120102101202102012021201021012021020102120210201210212
0102101202102012021201210212021020120210120102120121021202101201021201210120210201210212
0102101202102012101201021201210201021012010212012102012021020102101201020120210201210212
-
0102101202102012102120121012010210121021201210120102012021020102101201020120210201210212
0102101202102010212021012102010210120212010210120102012102120102101201020120210201210212
0102101202102010210120212012102012021012102120121020120210120102120121020120210201210212
0102101202102012101201021201210201021012010212012102012021012010210121020120210201210212
-
0102101202102012021201210212010210120212012102120102012102120210121020102120210201210212
0102101202102010212021012102010210120212010210120102012102120102101201020120210201210212
0102101202102012021201210212021020120210120102120121021202101201021201210120210201210212
0102101202102010212021020121021201020120210201210212010210120102120121020120210201210212
-
0102101202102012021201210212010210120212012102120102012102120210121020102120210201210212
0102101202102010212021012102010210120212010210120102012102120102101201020120210201210212
0102101202102010210120102120121020120210120102120121021202101201021201210120210201210212
0102101202102012021012010210121020121012010212012102010210120102120121020120210201210212
-
0102101202102012021201210212010210120212012102120102012102120210121020102120210201210212
0102101202102012021012010212012102012021012010210121020120210120102012102120210201210212
0102101202102010212021012102010210120212010210120102012102120102101201020120210201210212
0102101202102012021012010210121020120210120102120121021202101201021201210120210201210212
-
0102101202102010210120102120121020120210120102120121021202101201021201210120210201210212
0102101202102012021012010212012102120210120102120121012021012102120121020120210201210212
0102101202102010212021020121021201020120210201210212010210120102120121020120210201210212
0102101202102012101201021201210201021012010212012102012021012010212012102120210201210212
-
0102101202102010210120212012102012021012102120121020120210120102120121020120210201210212
0102101202102010210120102120121020120210120102120121021202101201021201210120210201210212
0102101202102012021201210212021020120210120102120121021202101201021201210120210201210212
0102101202102010212021020121021201020120210201210212010210120102120121020120210201210212
-
0102101202102010210120102120121020120210120102120121021202101201021201210120210201210212
0102101202102010212021020121021201020120210201210212010210120102120121020120210201210212
0102101202102012021012010210121020121012010212012102010210120102120121020120210201210212
0102101202102012101201021201210201021012010212012102012021012010212012102120210201210212
-
0102101202102012021012010212012102120102101202102012021201021012021020102120210201210212
0102101202102010210120212012102012021012102120121020120210120102120121020120210201210212
0102101202102012021012010210121020121012010212012102010210120102120121020120210201210212
0102101202102012101201021201210201021012010212012102012021020102101201020120210201210212
-
0102101202102010212021012102010210120212010210120102012102120102101201020120210201210212
0102101202102012021012010212012102120102101202102012021201021012021020102120210201210212
0102101202102012021012102120121020120210120102120121021202101201021201210120210201210212
0102101202102012101201021201210201021012010212012102012021012102120121020120210201210212
-
0102101202102012021201210212021020120212012101201021012102120121012010210120210201210212
0102101202102010210120212012102012021012102120121020120210120102120121020120210201210212
0102101202102010210120102120121020120210120102120121021202101201021201210120210201210212
0102101202102010212021020121021201020120210201210212010210120102120121020120210201210212
-
0102101202102012021012010212012102120102101202102012021201021012021020102120210201210212
0102101202102010210120212012102012021012102120121020120210120102120121020120210201210212
0102101202102012021012102120121020120210120102120121021202101201021201210120210201210212
0102101202102012021201210212021020120210120102120121021202101201021201210120210201210212
-
0102101202102012021201210212010210120212012102120102012102120210121020102120210201210212
0102101202102012021012010212012102120102101202102012021201021012021020102120210201210212
0102101202102010210120212012102012021012102120121020120210120102120121020120210201210212
0102101202102012101201021201210201021012010212012102012021012010212012102120210201210212
-
0102101202102012021201210212021020120212012101201021012102120121012010210120210201210212
0102101202102010210120212012102012021012102120121020120210120102120121020120210201210212
0102101202102012021012010212012102120210120102120121012021012102120121020120210201210212
0102101202102012021201210212021020120210120102120121021202101201021201210120210201210212
-
0102101202102012021012010212012102012021012010210121020120210120102012102120210201210212
0102101202102012102120121012010210121021201210120102012021020102101201020120210201210212
0102101202102010212021020121021201020120210201210212010210120102120121020120210201210212
0102101202102012101201021201210201021012010212012102012021012010210121020120210201210212
-
0102101202102010212021012102010210120212010210120102012102120102101201020120210201210212
0102101202102010210120102120121020120210120102120121021202101201021201210120210201210212
0102101202102012021012010212012102120210120102120121012021012102120121020120210201210212
0102101202102010212021020121021201020120210201210212010210120102120121020120210201210212
-
0102101202102012021012010210121020120210120102120121021202101201021201210120210201210212
0102101202102012021012010212012102120210120102120121012021012102120121020120210201210212
0102101202102012021012010210121020121012010212012102010210120102120121020120210201210212
0102101202102012101201021201210201021012010212012102012021012102120121020120210201210212
-
0102101202102012021201210212021020120210120102120121021202101201021201210120210201210212
0102101202102012101201021201210201021012010212012102012021012010210121020120210201210212
0102101202102012021012010210121020121012010212012102010210120102120121020120210201210212
0102101202102012101201021201210201021012010212012102012021020102101201020120210201210212
-
0102101202102012021012010212012102120210120102120121012021012102120121020120210201210212
0102101202102012021012102120121020120210120102120121021202101201021201210120210201210212
0102101202102012021201210212021020120210120102120121021202101201021201210120210201210212
0102101202102012021012010210121020121012010212012102010210120102120121020120210201210212
-
0102101202102012021201210212010210120212012102120102012102120210121020102120210201210212
0102101202102012021012102120121020120210120102120121021202101201021201210120210201210212
0102101202102010212021020121021201020120210201210212010210120102120121020120210201210212
0102101202102012101201021201210201021012010212012102012021020102101201020120210201210212
-
0102101202102012021012010212012102012021012010210121020120210120102012102120210201210212
0102101202102010212021012102010210120212010210120102012102120102101201020120210201210212
0102101202102010210120212012102012021012102120121020120210120102120121020120210201210212
0102101202102012021201210212021020120210120102120121021202101201021201210120210201210212
-
0102101202102012021012010212012102012021012010210121020120210120102012102120210201210212
0102101202102012021012010210121020120210120102120121021202101201021201210120210201210212
0102101202102012021012010212012102120210120102120121012021012102120121020120210201210212
0102101202102012021012010210121020121012010212012102010210120102120121020120210201210212
-
0102101202102012021012010212012102012021012010210121020120210120102012102120210201210212
0102101202102012021012010212012102120102101202102012021201021012021020102120210201210212
0102101202102012021012010210121020120210120102120121021202101201021201210120210201210212
0102101202102012021012010212012102120210120102120121012021012102120121020120210201210212
-
0102101202102010212021012102010210120212010210120102012102120102101201020120210201210212
0102101202102012021201210212021020120212012101201021012102120121012010210120210201210212
0102101202102012021012102120121020120210120102120121021202101201021201210120210201210212
0102101202102010212021020121021201020120210201210212010210120102120121020120210201210212
-
0102101202102012021012010212012102012021012010210121020120210120102012102120210201210212
0102101202102010212021012102010210120212010210120102012102120102101201020120210201210212
0102101202102012021012010212012102120102101202102012021201021012021020102120210201210212
0102101202102012101201021201210201021012010212012102012021012010212012102120210201210212
-
0102101202102012021012010212012102120102101202102012021201021012021020102120210201210212
0102101202102010210120212012102012021012102120121020120210120102120121020120210201210212
0102101202102012021201210212021020120210120102120121021202101201021201210120210201210212
0102101202102012021012010210121020121012010212012102010210120102120121020120210201210212
-
0102101202102010212021012102010210120212010210120102012102120102101201020120210201210212
0102101202102010210120102120121020120210120102120121021202101201021201210120210201210212
0102101202102012021012010210121020121012010212012102010210120102120121020120210201210212
0102101202102012101201021201210201021012010212012102012021012010212012102120210201210212
-
0102101202102012021012010212012102012021012010210121020120210120102012102120210201210212
0102101202102010210120212012102012021012102120121020120210120102120121020120210201210212
0102101202102012021012010210121020120210120102120121021202101201021201210120210201210212
0102101202102012101201021201210201021012010212012102012021020102101201020120210201210212
-
0102101202102012021201210212021020120212012101201021012102120121012010210120210201210212
0102101202102012021012010212012102120210120102120121012021012102120121020120210201210212
0102101202102012021201210212021020120210120102120121021202101201021201210120210201210212
0102101202102010212021020121021201020120210201210212010210120102120121020120210201210212
-
0102101202102012021201210212010210120212012102120102012102120210121020102120210201210212
0102101202102010212021012102010210120212010210120102012102120102101201020120210201210212
0102101202102010212021020121021201020120210201210212010210120102120121020120210201210212
0102101202102012101201021201210201021012010212012102012021020102101201020120210201210212
-
0102101202102010210120102120121020120210120102120121021202101201021201210120210201210212
0102101202102012021012102120121020120210120102120121021202101201021201210120210201210212
0102101202102012101201021201210201021012010212012102012021012010212012102120210201210212
0102101202102012101201021201210201021012010212012102012021020102101201020120210201210212
-
0102101202102012021201210212010210120212012102120102012102120210121020102120210201210212
0102101202102012021012010212012102120102101202102012021201021012021020102120210201210212
0102101202102012021012010212012102120210120102120121012021012102120121020120210201210212
0102101202102012021012102120121020120210120102120121021202101201021201210120210201210212
-
0102101202102012021201210212010210120212012102120102012102120210121020102120210201210212
0102101202102012021012010212012102120210120102120121012021012102120121020120210201210212
0102101202102012021012102120121020120210120102120121021202101201021201210120210201210212
0102101202102012101201021201210201021012010212012102012021012010210121020120210201210212
-
0102101202102012021012010212012102120102101202102012021201021012021020102120210201210212
0102101202102010210120212012102012021012102120121020120210120102120121020120210201210212
0102101202102010210120102120121020120210120102120121021202101201021201210120210201210212
0102101202102012101201021201210201021012010212012102012021012010210121020120210201210212
-
0102101202102012021201210212010210120212012102120102012102120210121020102120210201210212
0102101202102010210120212012102012021012102120121020120210120102120121020120210201210212
0102101202102012021012102120121020120210120102120121021202101201021201210120210201210212
0102101202102012101201021201210201021012010212012102012021012102120121020120210201210212
-
0102101202102012021012010212012102012021012010210121020120210120102012102120210201210212
0102101202102012021012010212012102120102101202102012021201021012021020102120210201210212
0102101202102010210120212012102012021012102120121020120210120102120121020120210201210212
0102101202102012021012010212012102120210120102120121012021012102120121020120210201210212
-
0102101202102012021012010212012102012021012010210121020120210120102012102120210201210212
0102101202102012102120121012010210121021201210120102012021020102101201020120210201210212
0102101202102012101201021201210201021012010212012102012021012010210121020120210201210212
0102101202102012021012010210121020121012010212012102010210120102120121020120210201210212
-
0102101202102010212021012102010210120212010210120102012102120102101201020120210201210212
0102101202102010210120212012102012021012102120121020120210120102120121020120210201210212
0102101202102012021012010212012102120210120102120121012021012102120121020120210201210212
0102101202102012101201021201210201021012010212012102012021012102120121020120210201210212
-
0102101202102012021012010210121020120210120102120121021202101201021201210120210201210212
0102101202102012021012102120121020120210120102120121021202101201021201210120210201210212
0102101202102012101201021201210201021012010212012102012021012010212012102120210201210212
0102101202102012101201021201210201021012010212012102012021012102120121020120210201210212
-
0102101202102012021201210212010210120212012102120102012102120210121020102120210201210212
0102101202102012021012010212012102012021012010210121020120210120102012102120210201210212
0102101202102012021012102120121020120210120102120121021202101201021201210120210201210212
0102101202102012101201021201210201021012010212012102012021020102101201020120210201210212
-
0102101202102012021012010212012102012021012010210121020120210120102012102120210201210212
0102101202102010210120212012102012021012102120121020120210120102120121020120210201210212
0102101202102012021201210212021020120210120102120121021202101201021201210120210201210212
0102101202102010212021020121021201020120210201210212010210120102120121020120210201210212
-
0102101202102012021201210212010210120212012102120102012102120210121020102120210201210212
0102101202102010212021012102010210120212010210120102012102120102101201020120210201210212
0102101202102012021201210212021020120212012101201021012102120121012010210120210201210212
0102101202102012021201210212021020120210120102120121021202101201021201210120210201210212
-
0102101202102012102120121012010210121021201210120102012021020102101201020120210201210212
0102101202102010212021012102010210120212010210120102012102120102101201020120210201210212
0102101202102012101201021201210201021012010212012102012021012010210121020120210201210212
0102101202102012101201021201210201021012010212012102012021012102120121020120210201210212
-
0102101202102012021012010212012102012021012010210121020120210120102012102120210201210212
0102101202102012101201021201210201021012010212012102012021012010210121020120210201210212
0102101202102012101201021201210201021012010212012102012021012102120121020120210201210212
0102101202102012101201021201210201021012010212012102012021020102101201020120210201210212
-
0102101202102010210120212012102012021012102120121020120210120102120121020120210201210212
0102101202102012021012102120121020120210120102120121021202101201021201210120210201210212
0102101202102012021012010210121020121012010212012102010210120102120121020120210201210212
0102101202102012101201021201210201021012010212012102012021020102101201020120210201210212
-
0102101202102012021201210212010210120212012102120102012102120210121020102120210201210212
0102101202102012021012010212012102012021012010210121020120210120102012102120210201210212
0102101202102010210120212012102012021012102120121020120210120102120121020120210201210212
0102101202102012021201210212021020120210120102120121021202101201021201210120210201210212
-
0102101202102010212021012102010210120212010210120102012102120102101201020120210201210212
0102101202102012021012010212012102120102101202102012021201021012021020102120210201210212
0102101202102012021201210212021020120210120102120121021202101201021201210120210201210212
0102101202102012101201021201210201021012010212012102012021012010212012102120210201210212
-
0102101202102012021201210212010210120212012102120102012102120210121020102120210201210212
0102101202102012021012010212012102120102101202102012021201021012021020102120210201210212
0102101202102012021012102120121020120210120102120121021202101201021201210120210201210212
0102101202102012101201021201210201021012010212012102012021012102120121020120210201210212
-
0102101202102012021201210212010210120212012102120102012102120210121020102120210201210212
0102101202102012102120121012010210121021201210120102012021020102101201020120210201210212
0102101202102012021012010212012102120102101202102012021201021012021020102120210201210212
0102101202102012101201021201210201021012010212012102012021012010212012102120210201210212
-
0102101202102012102120121012010210121021201210120102012021020102101201020120210201210212
0102101202102010210120212012102012021012102120121020120210120102120121020120210201210212
0102101202102010212021020121021201020120210201210212010210120102120121020120210201210212
0102101202102012101201021201210201021012010212012102012021012102120121020120210201210212
-
0102101202102010210120102120121020120210120102120121021202101201021201210120210201210212
0102101202102012021012010210121020120210120102120121021202101201021201210120210201210212
0102101202102012021201210212021020120210120102120121021202101201021201210120210201210212
0102101202102012101201021201210201021012010212012102012021012010210121020120210201210212
-
0102101202102012021012010212012102120102101202102012021201021012021020102120210201210212
0102101202102012021012102120121020120210120102120121021202101201021201210120210201210212
0102101202102012101201021201210201021012010212012102012021012010210121020120210201210212
0102101202102012101201021201210201021012010212012102012021012102120121020120210201210212
-
0102101202102010212021012102010210120212010210120102012102120102101201020120210201210212
0102101202102012021201210212021020120210120102120121021202101201021201210120210201210212
0102101202102012021012010210121020121012010212012102010210120102120121020120210201210212
0102101202102012101201021201210201021012010212012102012021020102101201020120210201210212
-
0102101202102010212021012102010210120212010210120102012102120102101201020120210201210212
0102101202102012021012010212012102120102101202102012021201021012021020102120210201210212
0102101202102012021201210212021020120212012101201021012102120121012010210120210201210212
0102101202102010210120212012102012021012102120121020120210120102120121020120210201210212
-
0102101202102012021012010212012102012021012010210121020120210120102012102120210201210212
0102101202102012021012010212012102120102101202102012021201021012021020102120210201210212
0102101202102012101201021201210201021012010212012102012021012010210121020120210201210212
0102101202102012101201021201210201021012010212012102012021012102120121020120210201210212
-
0102101202102012021012010212012102012021012010210121020120210120102012102120210201210212
0102101202102010210120212012102012021012102120121020120210120102120121020120210201210212
0102101202102012021012010210121020121012010212012102010210120102120121020120210201210212
0102101202102012101201021201210201021012010212012102012021012010212012102120210201210212
-
0102101202102012021012010212012102012021012010210121020120210120102012102120210201210212
0102101202102012021012010212012102120102101202102012021201021012021020102120210201210212
0102101202102012021012102120121020120210120102120121021202101201021201210120210201210212
0102101202102012021201210212021020120210120102120121021202101201021201210120210201210212
-
0102101202102010210120212012102012021012102120121020120210120102120121020120210201210212
0102101202102012021012102120121020120210120102120121021202101201021201210120210201210212
0102101202102012101201021201210201021012010212012102012021012010210121020120210201210212
0102101202102012021012010210121020121012010212012102010210120102120121020120210201210212
-
0102101202102012021201210212010210120212012102120102012102120210121020102120210201210212
0102101202102012021012010212012102120210120102120121012021012102120121020120210201210212
0102101202102010212021020121021201020120210201210212010210120102120121020120210201210212
0102101202102012101201021201210201021012010212012102012021020102101201020120210201210212
-
0102101202102010212021012102010210120212010210120102012102120102101201020120210201210212
0102101202102010210120212012102012021012102120121020120210120102120121020120210201210212
0102101202102012021201210212021020120210120102120121021202101201021201210120210201210212
0102101202102012101201021201210201021012010212012102012021012010210121020120210201210212
-
0102101202102012021012010212012102012021012010210121020120210120102012102120210201210212
0102101202102012021012010210121020120210120102120121021202101201021201210120210201210212
0102101202102012021012010212012102120210120102120121012021012102120121020120210201210212
0102101202102012101201021201210201021012010212012102012021012010210121020120210201210212
-
0102101202102012021201210212010210120212012102120102012102120210121020102120210201210212
0102101202102010210120212012102012021012102120121020120210120102120121020120210201210212
0102101202102012021012010212012102120210120102120121012021012102120121020120210201210212
0102101202102012021012102120121020120210120102120121021202101201021201210120210201210212
-
0102101202102012021012010212012102012021012010210121020120210120102012102120210201210212
0102101202102012021201210212021020120212012101201021012102120121012010210120210201210212
0102101202102012021012010210121020120210120102120121021202101201021201210120210201210212
0102101202102012021012010212012102120210120102120121012021012102120121020120210201210212
-
0102101202102012021012010210121020120210120102120121021202101201021201210120210201210212
0102101202102010212021020121021201020120210201210212010210120102120121020120210201210212
0102101202102012021012010210121020121012010212012102010210120102120121020120210201210212
0102101202102012101201021201210201021012010212012102012021012010212012102120210201210212
-
0102101202102010210120212012102012021012102120121020120210120102120121020120210201210212
0102101202102012021012102120121020120210120102120121021202101201021201210120210201210212
0102101202102012021012010210121020121012010212012102010210120102120121020120210201210212
0102101202102012101201021201210201021012010212012102012021012010212012102120210201210212
-
0102101202102012021012010212012102120102101202102012021201021012021020102120210201210212
0102101202102010210120102120121020120210120102120121021202101201021201210120210201210212
0102101202102012021012010212012102120210120102120121012021012102120121020120210201210212
0102101202102012101201021201210201021012010212012102012021012010212012102120210201210212
-
0102101202102010212021012102010210120212010210120102012102120102101201020120210201210212
0102101202102012021012010212012102120210120102120121012021012102120121020120210201210212
0102101202102010212021020121021201020120210201210212010210120102120121020120210201210212
0102101202102012101201021201210201021012010212012102012021012010210121020120210201210212
-
0102101202102012021201210212010210120212012102120102012102120210121020102120210201210212
0102101202102010210120212012102012021012102120121020120210120102120121020120210201210212
0102101202102012021012010210121020120210120102120121021202101201021201210120210201210212
0102101202102010212021020121021201020120210201210212010210120102120121020120210201210212
-
0102101202102012021201210212010210120212012102120102012102120210121020102120210201210212
0102101202102012102120121012010210121021201210120102012021020102101201020120210201210212
0102101202102010212021012102010210120212010210120102012102120102101201020120210201210212
0102101202102010210120212012102012021012102120121020120210120102120121020120210201210212
-
0102101202102012102120121012010210121021201210120102012021020102101201020120210201210212
0102101202102010210120212012102012021012102120121020120210120102120121020120210201210212
0102101202102010212021020121021201020120210201210212010210120102120121020120210201210212
0102101202102012021012010210121020121012010212012102010210120102120121020120210201210212
-
0102101202102010212021012102010210120212010210120102012102120102101201020120210201210212
0102101202102012021012010210121020120210120102120121021202101201021201210120210201210212
0102101202102012101201021201210201021012010212012102012021012010212012102120210201210212
0102101202102012101201021201210201021012010212012102012021012102120121020120210201210212
-
0102101202102012021012010212012102120210120102120121012021012102120121020120210201210212
0102101202102012021201210212021020120210120102120121021202101201021201210120210201210212
0102101202102010212021020121021201020120210201210212010210120102120121020120210201210212
0102101202102012101201021201210201021012010212012102012021012010212012102120210201210212
-
0102101202102012021201210212010210120212012102120102012102120210121020102120210201210212
0102101202102012021012010212012102012021012010210121020120210120102012102120210201210212
0102101202102012101201021201210201021012010212012102012021012010210121020120210201210212
0102101202102012021012010210121020121012010212012102010210120102120121020120210201210212
-
0102101202102012021201210212010210120212012102120102012102120210121020102120210201210212
0102101202102012021012010212012102120102101202102012021201021012021020102120210201210212
0102101202102012101201021201210201021012010212012102012021012010212012102120210201210212
0102101202102012101201021201210201021012010212012102012021012102120121020120210201210212
-
0102101202102012021012010210121020120210120102120121021202101201021201210120210201210212
0102101202102012021012010212012102120210120102120121012021012102120121020120210201210212
0102101202102010212021020121021201020120210201210212010210120102120121020120210201210212
0102101202102012101201021201210201021012010212012102012021012010212012102120210201210212
-
0102101202102012021012010212012102012021012010210121020120210120102012102120210201210212
0102101202102012021012010212012102120102101202102012021201021012021020102120210201210212
0102101202102010210120102120121020120210120102120121021202101201021201210120210201210212
0102101202102012101201021201210201021012010212012102012021020102101201020120210201210212
-
0102101202102012021012010212012102012021012010210121020120210120102012102120210201210212
0102101202102012021012102120121020120210120102120121021202101201021201210120210201210212
0102101202102012021201210212021020120210120102120121021202101201021201210120210201210212
0102101202102012101201021201210201021012010212012102012021012102120121020120210201210212
-
0102101202102012021201210212021020120210120102120121021202101201021201210120210201210212
0102101202102010212021020121021201020120210201210212010210120102120121020120210201210212
0102101202102012021012010210121020121012010212012102010210120102120121020120210201210212
0102101202102012101201021201210201021012010212012102012021012010212012102120210201210212
-
0102101202102012021012010212012102012021012010210121020120210120102012102120210201210212
0102101202102010210120212012102012021012102120121020120210120102120121020120210201210212
0102101202102012021012010212012102120210120102120121012021012102120121020120210201210212
0102101202102012021012102120121020120210120102120121021202101201021201210120210201210212
-
0102101202102012102120121012010210121021201210120102012021020102101201020120210201210212
0102101202102012021012010212012102120210120102120121012021012102120121020120210201210212
0102101202102010212021020121021201020120210201210212010210120102120121020120210201210212
0102101202102012101201021201210201021012010212012102012021020102101201020120210201210212
-
0102101202102012021201210212010210120212012102120102012102120210121020102120210201210212
0102101202102010212021012102010210120212010210120102012102120102101201020120210201210212
0102101202102012021012102120121020120210120102120121021202101201021201210120210201210212
0102101202102012021012010210121020121012010212012102010210120102120121020120210201210212
-
0102101202102012021012010212012102120102101202102012021201021012021020102120210201210212
0102101202102012021012010210121020120210120102120121021202101201021201210120210201210212
0102101202102012101201021201210201021012010212012102012021012010210121020120210201210212
0102101202102012101201021201210201021012010212012102012021020102101201020120210201210212
-
0102101202102012021201210212010210120212012102120102012102120210121020102120210201210212
0102101202102012021201210212021020120212012101201021012102120121012010210120210201210212
0102101202102010210120212012102012021012102120121020120210120102120121020120210201210212
0102101202102012021201210212021020120210120102120121021202101201021201210120210201210212
-
0102101202102010210120212012102012021012102120121020120210120102120121020120210201210212
0102101202102010210120102120121020120210120102120121021202101201021201210120210201210212
0102101202102012021012010212012102120210120102120121012021012102120121020120210201210212
0102101202102012101201021201210201021012010212012102012021012010212012102120210201210212
-
0102101202102010210120212012102012021012102120121020120210120102120121020120210201210212
0102101202102010210120102120121020120210120102120121021202101201021201210120210201210212
0102101202102012101201021201210201021012010212012102012021012010212012102120210201210212
0102101202102012101201021201210201021012010212012102012021020102101201020120210201210212
-
0102101202102012021201210212010210120212012102120102012102120210121020102120210201210212
0102101202102012021012010212012102012021012010210121020120210120102012102120210201210212
0102101202102012102120121012010210121021201210120102012021020102101201020120210201210212
0102101202102012101201021201210201021012010212012102012021012010212012102120210201210212
-
