010210120210201202120102120210201202101201020120210201210212
010210120210201202120121020120210201021201020120210201210212
010210120210201210212012101201021202101201020120210201210212
010210120210201210212021012102120102101201020120210201210212
-
010210120210201202120102012102120102101201020120210201210212
010210120210201202120102120210201202101201020120210201210212
010210120210201202120121020102120121012010210120210201210212
010210120210201202120121021201021012021201020120210201210212
-
010210120210201202120102012102120102101201020120210201210212
010210120210201202120102120210201202101201020120210201210212
010210120210201202120121020102120121012010210120210201210212
010210120210201202120121020120210201021201020120210201210212
-
010210120210201202120102012102120102101201020120210201210212
010210120210201202120121020102120121012010210120210201210212
010210120210201202120121020120210201021201020120210201210212
010210120210201202120121021201021012102010210120210201210212
-
010210120210201202120102120210201202101201020120210201210212
010210120210201202120121020120210201021201020120210201210212
010210120210201202120121021201021012021201020120210201210212
010210120210201210212021012102120102101201020120210201210212
-
010210120210201202120102012102120102101201020120210201210212
010210120210201202120121020120210201021201020120210201210212
010210120210201202120121021201021012021201020120210201210212
010210120210201210212012101201021202101201020120210201210212
-
010210120210201202120102012102120102101201020120210201210212
010210120210201202120102120210201202101201020120210201210212
010210120210201202120121020120210201021201020120210201210212
010210120210201202120121021201021012021201020120210201210212
-
010210120210201202120102012102120102101201020120210201210212
010210120210201202120102120210201202101201020120210201210212
010210120210201202120121020102120121012010210120210201210212
010210120210201202120121021201021012102010210120210201210212
-
010210120210201202120102120210201202101201020120210201210212
010210120210201202120121020120210201021201020120210201210212
010210120210201202120121021201021012021201020120210201210212
010210120210201210212012101201021202101201020120210201210212
-
010210120210201202120102120210201202101201020120210201210212
010210120210201202120121020102120121012010210120210201210212
010210120210201202120121020120210201021201020120210201210212
010210120210201202120121021201021012102010210120210201210212
-
