0102101202102010210120102012102120102101201020120210201210212
0102101202102010210120102012102120210121020102120210201210212
0102101202102010212021012102010210120212012102120210201210212
0102101202102012021201210212010201202102010210120210201210212
-
0102101202102010210120102012021012010212012102120210201210212
0102101202102010212021012102010210120212012102120210201210212
0102101202102012101201021012102120102101201020120210201210212
0102101202102012102120210201202120102101201020120210201210212
-
0102101202102010210120102012021012010212012102120210201210212
0102101202102010212021012102010210120212012102120210201210212
0102101202102012021201210212010210120212012102120210201210212
0102101202102012102120121012010210120212012102120210201210212
-
0102101202102010212021012102010210120212012102120210201210212
0102101202102012021201210212010210120212012102120210201210212
0102101202102012101201021012102120102101201020120210201210212
0102101202102012102120210201202120102101201020120210201210212
-
0102101202102010210120102012102120210121020102120210201210212
0102101202102010212021012102010210120212012102120210201210212
0102101202102012021201210212010201202102010210120210201210212
0102101202102012021201210212010210121021201210120210201210212
-
0102101202102010210120102012102120102101201020120210201210212
0102101202102010212021012102010210120212012102120210201210212
0102101202102012021201210212010210120212012102120210201210212
0102101202102012102120121012010212012102010210120210201210212
-
0102101202102010210120102012102120210121020102120210201210212
0102101202102010212021012102010210120212012102120210201210212
0102101202102012021201210212010210120212012102120210201210212
0102101202102012102120210201202120102101201020120210201210212
-
0102101202102010210120102012102120102101201020120210201210212
0102101202102010210120102012102120210121020102120210201210212
0102101202102010210120102120121020120212012102120210201210212
0102101202102012102120210120102120121012010210120210201210212
-
0102101202102010210120102120121020120212012102120210201210212
0102101202102010212021012102010210120212012102120210201210212
0102101202102012021201210212010210120212012102120210201210212
0102101202102012102120210201202120102101201020120210201210212
-
0102101202102010210120102120121020120212012102120210201210212
0102101202102010212021012102010210120212012102120210201210212
0102101202102012021201210212010210120212012102120210201210212
0102101202102012102120121012021020121012010210120210201210212
-
