01021012021020102101210201021201210120212012102120210201210212
01021012021020102120210121020120210201021201020120210201210212
01021012021020120212010212021012021201021012102120210201210212
01021012021020120212012102012021020102101201020120210201210212
-
01021012021020102120210121020120210201021201020120210201210212
01021012021020102120210121021201021012021201020120210201210212
01021012021020120212012102012021020102101201020120210201210212
01021012021020121021202101210201021202102010210120210201210212
-
01021012021020102101201021201210201202101201020120210201210212
01021012021020120212010212021012021201021012102120210201210212
01021012021020120212012102012021012010212012102120210201210212
01021012021020121021202101210201021012021020102120210201210212
-
01021012021020102101210201021201210120212012102120210201210212
01021012021020102101210212010201210201021201020120210201210212
01021012021020120212010201210212010210121020102120210201210212
01021012021020121021202102010212021012102010210120210201210212
-
01021012021020102101201020121012010212021012102120210201210212
01021012021020102120210201210212021012102010210120210201210212
01021012021020120212010212021012021201021012102120210201210212
01021012021020120212012102120210201202101201020120210201210212
-
