010210120210201021012102012021201210201021012010201210120210201210212
010210120210201021012102120121012010210120212010201210120210201210212
010210120210201021201210120102120210201202120121020102120210201210212
010210120210201021201210120212010201202102010210120102120210201210212
-
010210120210201021012102012021201210201021012010201210120210201210212
010210120210201021012102120121012010210120212010201210120210201210212
010210120210201021201210120102120210201202120121020102120210201210212
010210120210201021201210120212010210121020120210120102120210201210212
-
010210120210201021012102012021201210201021012010201210120210201210212
010210120210201021012102120121012010210120212010201210120210201210212
010210120210201021201210120102120210201202120121020102120210201210212
010210120210201021201210201202101210201021012021201020120210201210212
-
010210120210201021012102012021201210201021012010201210120210201210212
010210120210201021012102120121012010210120212010201210120210201210212
010210120210201021201210120102120210201202120121020102120210201210212
010210120210201021201210201202101210212010201210120102120210201210212
-
010210120210201021012102012021201210201021012010201210120210201210212
010210120210201021012102120121012010210120212010201210120210201210212
010210120210201021201210120102120210201202120121020102120210201210212
010210120210201021201210201202101210212010210121020102120210201210212
-
010210120210201021012102012021201210201021012010201210120210201210212
010210120210201021012102120121012010210120212010201210120210201210212
010210120210201021201210120102120210201202120121020102120210201210212
010210120210201021201210212021020120212010201210120102120210201210212
-
010210120210201021012102012021201210201021012010201210120210201210212
010210120210201021012102120121012010210120212010201210120210201210212
010210120210201021201210120102120210201202120121020102120210201210212
010210120210201021201210212021020120212010210121020102120210201210212
-
010210120210201021012102012021201210201021012010201210120210201210212
010210120210201021012102120121012010210120212010201210120210201210212
010210120210201021201210120102120210201202120121020102120210201210212
010210120210201021202101210201202120121021202101201020120210201210212
-
010210120210201021012102012021201210201021012010201210120210201210212
010210120210201021012102120121012010210120212010201210120210201210212
010210120210201021201210120102120210201202120121020102120210201210212
010210120210201021202101210212010201202102010210120102120210201210212
-
010210120210201021012102012021201210201021012010201210120210201210212
010210120210201021012102120121012010210120212010201210120210201210212
010210120210201021201210120102120210201202120121020102120210201210212
010210120210201021202101210212010201202120102101201020120210201210212
-
010210120210201021012102012021201210201021012010201210120210201210212
010210120210201021012102120121012010210120212010201210120210201210212
010210120210201021201210120102120210201202120121020102120210201210212
010210120210201021202101210212010210121020120210120102120210201210212
-
010210120210201021012102012021201210201021012010201210120210201210212
010210120210201021012102120121012010210120212010201210120210201210212
010210120210201021201210120102120210201202120121020102120210201210212
010210120210201021202101210212012101201021202101201020120210201210212
-
010210120210201021012102012021201210201021012010201210120210201210212
010210120210201021012102120121012010210120212010201210120210201210212
010210120210201021201210120212010201202102010210120102120210201210212
010210120210201021201210120212010210121020120210120102120210201210212
-
010210120210201021012102012021201210201021012010201210120210201210212
010210120210201021012102120121012010210120212010201210120210201210212
010210120210201021201210120212010201202102010210120102120210201210212
010210120210201021201210201202101210201021012021201020120210201210212
-
010210120210201021012102012021201210201021012010201210120210201210212
010210120210201021012102120121012010210120212010201210120210201210212
010210120210201021201210120212010201202102010210120102120210201210212
010210120210201021201210201202101210212010201210120102120210201210212
-
010210120210201021012102012021201210201021012010201210120210201210212
010210120210201021012102120121012010210120212010201210120210201210212
010210120210201021201210120212010201202102010210120102120210201210212
010210120210201021201210201202101210212010210121020102120210201210212
-
010210120210201021012102012021201210201021012010201210120210201210212
010210120210201021012102120121012010210120212010201210120210201210212
010210120210201021201210120212010201202102010210120102120210201210212
010210120210201021201210212021020120212010201210120102120210201210212
-
010210120210201021012102012021201210201021012010201210120210201210212
010210120210201021012102120121012010210120212010201210120210201210212
010210120210201021201210120212010201202102010210120102120210201210212
010210120210201021201210212021020120212010210121020102120210201210212
-
010210120210201021012102012021201210201021012010201210120210201210212
010210120210201021012102120121012010210120212010201210120210201210212
010210120210201021201210120212010201202102010210120102120210201210212
010210120210201021202101201020120210201021201210120102120210201210212
-
010210120210201021012102012021201210201021012010201210120210201210212
010210120210201021012102120121012010210120212010201210120210201210212
010210120210201021201210120212010201202102010210120102120210201210212
010210120210201021202101210201202120121021202101201020120210201210212
-