0
1
2
3
01
02
03
10
12
13
20
21
23
30
31
32
012
013
021
023
031
032
102
103
120
123
130
132
201
203
210
213
230
231
301
302
310
312
320
321
0120
0130
0210
0230
0310
0320
1021
1031
1201
1231
1301
1321
2012
2032
2102
2132
2302
2312
3013
3023
3103
3123
3203
3213
0123
0132
0213
0231
0312
0321
1023
1032
1203
1230
1302
1320
2013
2031
2103
2130
2301
2310
3012
3021
3102
3120
3201
3210
01203
01302
02103
02301
03102
03201
10213
10312
12013
12310
13012
13210
20123
20321
21023
21320
23021
23120
30132
30231
31032
31230
32031
32130
01230
01320
02130
02310
03120
03210
10231
10321
12031
12301
13021
13201
20132
20312
21032
21302
23012
23102
30123
30213
31023
31203
32013
32103
01231
01321
02132
02312
03123
03213
10230
10320
12032
12302
13023
13203
20130
20310
21031
21301
23013
23103
30120
30210
31021
31201
32012
32102
012031
013021
021032
023012
031023
032013
102130
103120
120132
123102
130123
132103
201230
203210
210231
213201
230213
231203
301320
302310
310321
312301
320312
321302
012032
013023
021031
023013
031021
032012
102132
103123
120130
123103
130120
132102
201231
203213
210230
213203
230210
231201
301321
302312
310320
312302
320310
321301
012302
013203
021301
023103
031201
032102
102312
103213
120310
123013
130210
132012
201321
203123
210320
213023
230120
231021
301231
302132
310230
312032
320130
321031
012310
013210
021320
023120
031230
032130
102301
103201
120321
123021
130231
132031
201302
203102
210312
213012
230132
231032
301203
302103
310213
312013
320123
321023
0120310
0130210
0210320
0230120
0310230
0320130
1021301
1031201
1201321
1231021
1301231
1321031
2012302
2032102
2102312
2132012
2302132
2312032
3013203
3023103
3103213
3123013
3203123
3213023
0120321
0130231
0210312
0230132
0310213
0320123
1021320
1031230
1201302
1231032
1301203
1321023
2012310
2032130
2102301
2132031
2302103
2312013
3013210
3023120
3103201
3123021
3203102
3213012
0123021
0132031
0213012
0231032
0312013
0321023
1023120
1032130
1203102
1230132
1302103
1320123
2013210
2031230
2103201
2130231
2301203
2310213
3012310
3021320
3102301
3120321
3201302
3210312
0123102
0132103
0213201
0231203
0312301
0321302
1023012
1032013
1203210
1230213
1302310
1320312
2013021
2031023
2103120
2130123
2301320
2310321
3012031
3021032
3102130
3120132
3201230
3210231
0123103
0132102
0213203
0231201
0312302
0321301
1023013
1032012
1203213
1230210
1302312
1320310
2013023
2031021
2103123
2130120
2301321
2310320
3012032
3021031
3102132
3120130
3201231
3210230
01203102
01302103
02103201
02301203
03102301
03201302
10213012
10312013
12013210
12310213
13012310
13210312
20123021
20321023
21023120
21320123
23021320
23120321
30132031
30231032
31032130
31230132
32031230
32130231
01203210
01302310
02103120
02301320
03102130
03201230
10213201
10312301
12013021
12310321
13012031
13210231
20123102
20321302
21023012
21320312
23021032
23120132
30132103
30231203
31032013
31230213
32031023
32130123
01203213
01302312
02103123
02301321
03102132
03201231
10213203
10312302
12013023
12310320
13012032
13210230
20123103
20321301
21023013
21320310
23021031
23120130
30132102
30231201
31032012
31230210
32031021
32130120
01230210
01320310
02130120
02310320
03120130
03210230
10231201
10321301
12031021
12301321
13021031
13201231
20132102
20312302
21032012
21302312
23012032
23102132
30123103
30213203
31023013
31203213
32013023
32103123
01230213
01320312
02130123
02310321
03120132
03210231
10231203
10321302
12031023
12301320
13021032
13201230
20132103
20312301
21032013
21302310
23012031
23102130
30123102
30213201
31023012
31203210
32013021
32103120
01231021
01321031
02132012
02312032
03123013
03213023
10230120
10320130
12032102
12302132
13023103
13203123
20130210
20310230
21031201
21301231
23013203
23103213
30120310
30210320
31021301
31201321
32012302
32102312
01231032
01321023
02132031
02312013
03123021
03213012
10230132
10320123
12032130
12302103
13023120
13203102
20130231
20310213
21031230
21301203
23013210
23103201
30120321
30210312
31021320
31201302
32012310
32102301
012031021
013021031
021032012
023012032
031023013
032013023
102130120
103120130
120132102
123102132
130123103
132103123
201230210
203210230
210231201
213201231
230213203
231203213
301320310
302310320
310321301
312301321
320312302
321302312
012031023
013021032
021032013
023012031
031023012
032013021
102130123
103120132
120132103
123102130
130123102
132103120
201230213
203210231
210231203
213201230
230213201
231203210
301320312
302310321
310321302
312301320
320312301
321302310
012032102
013023103
021031201
023013203
031021301
032012302
102132012
103123013
120130210
123103213
130120310
132102312
201231021
203213023
210230120
213203123
230210320
231201321
301321031
302312032
310320130
312302132
320310230
321301231
012032130
013023120
021031230
023013210
031021320
032012310
102132031
103123021
120130231
123103201
130120321
132102301
201231032
203213012
210230132
213203102
230210312
231201302
301321023
302312013
310320123
312302103
320310213
321301203
012302103
013203102
021301203
023103201
031201302
032102301
102312013
103213012
120310213
123013210
130210312
132012310
201321023
203123021
210320123
213023120
230120321
231021320
301231032
302132031
310230132
312032130
320130231
321031230
012302132
013203123
021301231
023103213
031201321
032102312
102312032
103213023
120310230
123013203
130210320
132012302
201321031
203123013
210320130
213023103
230120310
231021301
301231021
302132012
310230120
312032102
320130210
321031201
012310213
013210312
021320123
023120321
031230132
032130231
102301203
103201302
120321023
123021320
130231032
132031230
201302103
203102301
210312013
213012310
230132031
231032130
301203102
302103201
310213012
312013210
320123021
321023120
012310320
013210230
021320310
023120130
031230210
032130120
102301321
103201231
120321301
123021031
130231201
132031021
201302312
203102132
210312302
213012032
230132102
231032012
301203213
302103123
310213203
312013023
320123103
321023013
012310321
013210231
021320312
023120132
031230213
032130123
102301320
103201230
120321302
123021032
130231203
132031023
201302310
203102130
210312301
213012031
230132103
231032013
301203210
302103120
310213201
312013021
320123102
321023012
0120310213
0130210312
0210320123
0230120321
0310230132
0320130231
1021301203
1031201302
1201321023
1231021320
1301231032
1321031230
2012302103
2032102301
2102312013
2132012310
2302132031
2312032130
3013203102
3023103201
3103213012
3123013210
3203123021
3213023120
0120310230
0130210320
0210320130
0230120310
0310230120
0320130210
1021301231
1031201321
1201321031
1231021301
1301231021
1321031201
2012302132
2032102312
2102312032
2132012302
2302132012
2312032102
3013203123
3023103213
3103213023
3123013203
3203123013
3213023103
0120321023
0130231032
0210312013
0230132031
0310213012
0320123021
1021320123
1031230132
1201302103
1231032130
1301203102
1321023120
2012310213
2032130231
2102301203
2132031230
2302103201
2312013210
3013210312
3023120321
3103201302
3123021320
3203102301
3213012310
0120321301
0130231201
0210312302
0230132102
0310213203
0320123103
1021320310
1031230210
1201302312
1231032012
1301203213
1321023013
2012310320
2032130120
2102301321
2132031021
2302103123
2312013023
3013210230
3023120130
3103201231
3123021031
3203102132
3213012032
0120321302
0130231203
0210312301
0230132103
0310213201
0320123102
1021320312
1031230213
1201302310
1231032013
1301203210
1321023012
2012310321
2032130123
2102301320
2132031023
2302103120
2312013021
3013210231
3023120132
3103201230
3123021032
3203102130
3213012031
0123021031
0132031021
0213012032
0231032012
0312013023
0321023013
1023120130
1032130120
1203102132
1230132102
1302103123
1320123103
2013210230
2031230210
2103201231
2130231201
2301203213
2310213203
3012310320
3021320310
3102301321
3120321301
3201302312
3210312302
0123021032
0132031023
0213012031
0231032013
0312013021
0321023012
1023120132
1032130123
1203102130
1230132103
1302103120
1320123102
2013210231
2031230213
2103201230
2130231203
2301203210
2310213201
3012310321
3021320312
3102301320
3120321302
3201302310
3210312301
0123021320
0132031230
0213012310
0231032130
0312013210
0321023120
1023120321
1032130231
1203102301
1230132031
1302103201
1320123021
2013210312
2031230132
2103201302
2130231032
2301203102
2310213012
3012310213
3021320123
3102301203
3120321023
3201302103
3210312013
0123102130
0132103120
0213201230
0231203210
0312301320
0321302310
1023012031
1032013021
1203210231
1230213201
1302310321
1320312301
2013021032
2031023012
2103120132
2130123102
2301320312
2310321302
3012031023
3021032013
3102130123
3120132103
3201230213
3210231203
0123102132
0132103123
0213201231
0231203213
0312301321
0321302312
1023012032
1032013023
1203210230
1230213203
1302310320
1320312302
2013021031
2031023013
2103120130
2130123103
2301320310
2310321301
3012031021
3021032012
3102130120
3120132102
3201230210
3210231201
0123103201
0132102301
0213203102
0231201302
0312302103
0321301203
1023013210
1032012310
1203213012
1230210312
1302312013
1320310213
2013023120
2031021320
2103123021
2130120321
2301321023
2310320123
3012032130
3021031230
3102132031
3120130231
3201231032
3210230132
0123103213
0132102312
0213203123
0231201321
0312302132
0321301231
1023013203
1032012302
1203213023
1230210320
1302312032
1320310230
2013023103
2031021301
2103123013
2130120310
2301321031
2310320130
3012032102
3021031201
3102132012
3120130210
3201231021
3210230120