0
1
2
01
02
10
12
20
21
010
012
020
021
101
102
120
121
201
202
210
212
0102
0120
0121
0201
0210
0212
1012
1020
1021
1201
1202
1210
2010
2012
2021
2101
2102
2120
01020
01021
01201
01202
01210
02010
02012
02101
02102
02120
10120
10121
10201
10210
10212
12010
12012
12021
12101
12102
20102
20120
20121
20210
20212
21012
21020
21021
21201
21202
010201
010210
010212
012010
012021
012101
012102
020102
020120
020121
021012
021020
021201
021202
101201
101202
101210
102010
102012
102101
102120
120102
120121
120210
120212
121012
121020
121021
201020
201021
201202
201210
202101
202102
202120
210120
210121
210201
210212
212010
212012
212021
0102010
0102012
0102101
0102120
0120102
0120210
0120212
0121012
0121020
0121021
0201020
0201021
0201202
0201210
0210120
0210121
0210201
0212010
0212012
0212021
1012010
1012021
1012101
1012102
1020102
1020120
1020121
1021012
1021201
1021202
1201020
1201021
1201210
1202101
1202102
1202120
1210120
1210121
1210201
1210212
2010201
2010210
2010212
2012021
2012101
2012102
2021012
2021020
2021201
2021202
2101201
2101202
2101210
2102010
2102012
2102120
2120102
2120121
2120210
2120212
01020120
01020121
01021012
01021201
01021202
01201020
01201021
01202101
01202102
01202120
01210120
01210201
01210212
02010210
02010212
02012021
02012101
02012102
02101201
02101202
02101210
02102010
02102012
02120102
02120121
02120210
10120102
10120210
10120212
10121020
10121021
10201021
10201202
10201210
10210120
10210121
10212010
10212012
10212021
12010201
12010210
12010212
12012101
12012102
12021012
12021020
12021201
12101201
12101202
12102010
12102012
12102120
20102012
20102101
20102120
20120210
20120212
20121012
20121020
20121021
20210120
20210121
20210201
20212010
20212012
21012010
21012021
21012102
21020102
21020120
21020121
21021201
21021202
21201020
21201021
21201210
21202101
21202102
010201202
010201210
010210120
010210121
010212010
010212012
010212021
012010201
012010210
012010212
012021012
012021020
012021201
012101201
012101202
012102010
012102012
012102120
020102101
020102120
020120210
020120212
020121012
020121020
020121021
021012010
021012021
021012102
021020102
021020120
021020121
021201020
021201021
021201210
021202101
021202102
101201020
101201021
101202101
101202102
101202120
101210201
101210212
102010210
102010212
102012021
102012101
102012102
102101201
102101202
102101210
102120102
102120121
102120210
120102012
120102101
120102120
120121012
120121020
120121021
120210120
120210121
120210201
120212010
120212012
121012010
121012021
121020102
121020120
121020121
121021201
121021202
201020120
201020121
201021012
201021201
201021202
201202101
201202102
201202120
201210120
201210201
201210212
202101201
202101202
202101210
202102010
202102012
202120102
202120121
210120102
210120210
210120212
210121020
210121021
210201021
210201202
210201210
210212010
210212012
210212021
212010201
212010210
212010212
212012101
212012102
212021012
212021020
0102012021
0102012101
0102012102
0102101201
0102101202
0102101210
0102120102
0102120121
0102120210
0120102012
0120102101
0120102120
0120210120
0120210121
0120210201
0120212010
0120212012
0121012010
0121012021
0121020102
0121020120
0121020121
0121021201
0121021202
0201021012
0201021201
0201021202
0201202101
0201202102
0201202120
0201210120
0201210201
0201210212
0210120102
0210120210
0210120212
0210121020
0210121021
0210201021
0210201202
0210201210
0212010201
0212010210
0212010212
0212012101
0212012102
0212021012
0212021020
1012010201
1012010210
1012010212
1012021012
1012021020
1012021201
1012102010
1012102012
1012102120
1020102101
1020102120
1020120210
1020120212
1020121012
1020121020
1020121021
1021012010
1021012021
1021012102
1021201020
1021201021
1021201210
1021202101
1021202102
1201020120
1201020121
1201021012
1201021201
1201021202
1201210120
1201210201
1201210212
1202101201
1202101202
1202101210
1202102010
1202102012
1202120102
1202120121
1210120102
1210120210
1210120212
1210201021
1210201202
1210201210
1210212010
1210212012
1210212021
2010201202
2010201210
2010210120
2010210121
2010212010
2010212012
2010212021
2012021012
2012021020
2012021201
2012101201
2012101202
2012102010
2012102012
2012102120
2021012010
2021012021
2021012102
2021020102
2021020120
2021020121
2021201020
2021201021
2021201210
2101201020
2101201021
2101202101
2101202102
2101202120
2101210201
2101210212
2102010210
2102010212
2102012021
2102012101
2102012102
2102120102
2102120121
2102120210
2120102012
2120102101
2120102120
2120121012
2120121020
2120121021
2120210120
2120210121
2120210201
