01021012021020120210120102101202102010212012101202120121020120210201210212
01021012021020120210120102101202102012101202120102101201020120210201210212
01021012021020120210120102012101201021202102012102120121020120210201210212
01021012021020120212012102120102012101202102012102120121020120210201210212
-
01021012021020120210120102101202102010212012101202120121020120210201210212
01021012021020120210120102101202120102012102120102101201020120210201210212
01021012021020120210120102120210121021202102012102120121020120210201210212
01021012021020120212012102120102012101202102012102120121020120210201210212
-
01021012021020120210120102101202102010212012101202120121020120210201210212
01021012021020120210120102101202102012101202120102101201020120210201210212
01021012021020120212012102120102012101202102012102120121020120210201210212
01021012021020120212012102120102101202120102012102120121020120210201210212
-
01021012021020120210120102101202102012101202120102101201020120210201210212
01021012021020120210120102101202120102012102120102101201020120210201210212
01021012021020120210120102012101201021202102012102120121020120210201210212
01021012021020120212012102120102012101202102012102120121020120210201210212
-
01021012021020120210120102101202102010210121020102120121020120210201210212
01021012021020120210120102101202120102012102120102101201020120210201210212
01021012021020120210120102012101201021202102012102120121020120210201210212
01021012021020120212012102120102012101202102012102120121020120210201210212
-
01021012021020120210120102101202102012101202120102101201020120210201210212
01021012021020120210120102101202120102012102120102101201020120210201210212
01021012021020120210120102120210121021202102012102120121020120210201210212
01021012021020120212012102120102101202120102012102120121020120210201210212
-
01021012021020120210120102101202102010212012101202120121020120210201210212
01021012021020120210120102101202120102012102120102101201020120210201210212
01021012021020120210120102120210121021202102012102120121020120210201210212
01021012021020120212012102120102101202120102012102120121020120210201210212
-
01021012021020120210120102101202102010210121020102120121020120210201210212
01021012021020120210120102101202120102012102120102101201020120210201210212
01021012021020120210120102120210121021202102012102120121020120210201210212
01021012021020120212012102120102012101202102012102120121020120210201210212
-
01021012021020120210120102101202102010210121020102120121020120210201210212
01021012021020120210120102101202102012101202120102101201020120210201210212
01021012021020120210120102012101201021202102012102120121020120210201210212
01021012021020120212012102120102012101202102012102120121020120210201210212
-
01021012021020120210120102101202102010210121020102120121020120210201210212
01021012021020120210120102101202120102012102120102101201020120210201210212
01021012021020120210120102120210121021202102012102120121020120210201210212
01021012021020120212012102120102101202120102012102120121020120210201210212
-
01021012021020120210120102101202102010212012101202120121020120210201210212
01021012021020120210120102101202102012101202120102101201020120210201210212
01021012021020120210120102120210121021202102012102120121020120210201210212
01021012021020120212012102120102101202120102012102120121020120210201210212
-
01021012021020120210120102101202102010210121020102120121020120210201210212
01021012021020120210120102101202102012101202120102101201020120210201210212
01021012021020120212012102120102012101202102012102120121020120210201210212
01021012021020120212012102120102101202120102012102120121020120210201210212
-
01021012021020120210120102101202102010210121020102120121020120210201210212
01021012021020120210120102101202120102012102120102101201020120210201210212
01021012021020120210120102012101201021202102012102120121020120210201210212
01021012021020120212012102120102101202120102012102120121020120210201210212
-
01021012021020120210120102101202102010212012101202120121020120210201210212
01021012021020120210120102101202120102012102120102101201020120210201210212
01021012021020120210120102012101201021202102012102120121020120210201210212
01021012021020120212012102120102101202120102012102120121020120210201210212
-
01021012021020120210120102101202102010212012101202120121020120210201210212
01021012021020120210120102101202102012101202120102101201020120210201210212
01021012021020120210120102012101201021202102012102120121020120210201210212
01021012021020120212012102120102101202120102012102120121020120210201210212
-
01021012021020120210120102101202102012101202120102101201020120210201210212
01021012021020120210120102101202120102012102120102101201020120210201210212
01021012021020120212012102120102012101202102012102120121020120210201210212
01021012021020120212012102120102101202120102012102120121020120210201210212
-
01021012021020120210120102101202102010212012101202120121020120210201210212
01021012021020120210120102101202120102012102120102101201020120210201210212
01021012021020120212012102120102012101202102012102120121020120210201210212
01021012021020120212012102120102101202120102012102120121020120210201210212
-
01021012021020120210120102101202102010212012101202120121020120210201210212
01021012021020120210120102101202120102012102120102101201020120210201210212
01021012021020120210120102012101201021202102012102120121020120210201210212
01021012021020120212012102120102012101202102012102120121020120210201210212
-
01021012021020120210120102101202102010210121020102120121020120210201210212
01021012021020120210120102101202102012101202120102101201020120210201210212
01021012021020120210120102120210121021202102012102120121020120210201210212
01021012021020120212012102120102012101202102012102120121020120210201210212
-
01021012021020120210120102101202102010212012101202120121020120210201210212
01021012021020120210120102101202102012101202120102101201020120210201210212
01021012021020120210120102120210121021202102012102120121020120210201210212
01021012021020120212012102120102012101202102012102120121020120210201210212
-
01021012021020120210120102101202102012101202120102101201020120210201210212
01021012021020120210120102101202120102012102120102101201020120210201210212
01021012021020120210120102012101201021202102012102120121020120210201210212
01021012021020120212012102120102101202120102012102120121020120210201210212
-
01021012021020120210120102101202102010210121020102120121020120210201210212
01021012021020120210120102101202120102012102120102101201020120210201210212
01021012021020120212012102120102012101202102012102120121020120210201210212
01021012021020120212012102120102101202120102012102120121020120210201210212
-
01021012021020120210120102101202102010210121020102120121020120210201210212
01021012021020120210120102101202102012101202120102101201020120210201210212
01021012021020120210120102012101201021202102012102120121020120210201210212
01021012021020120212012102120102101202120102012102120121020120210201210212
-
01021012021020120210120102101202102012101202120102101201020120210201210212
01021012021020120210120102101202120102012102120102101201020120210201210212
01021012021020120210120102120210121021202102012102120121020120210201210212
01021012021020120212012102120102012101202102012102120121020120210201210212
-
01021012021020120210120102101202102010210121020102120121020120210201210212
01021012021020120210120102101202102012101202120102101201020120210201210212
01021012021020120210120102120210121021202102012102120121020120210201210212
01021012021020120212012102120102101202120102012102120121020120210201210212
-
