010210120210201202101201021012021020121021201210201202101201020120210201210212
010210120210201202101201021012021201020121021201021012021201020120210201210212
010210120210201210120212010210120210201021202102012102120121020120210201210212
010210120210201210212021012102120102012101202102012102120121020120210201210212
-
010210120210201202101201021012021020121021201210201202101201020120210201210212
010210120210201202101201021012021201020121021201021012021201020120210201210212
010210120210201202120121020120210120102101202102012102120121020120210201210212
010210120210201210212021012102120102101202120102012102120121020120210201210212
-
010210120210201202101201021012021201020121021201021012021201020120210201210212
010210120210201202120102012102120102101202120102012102120121020120210201210212
010210120210201210120212010210120210201021202102012102120121020120210201210212
010210120210201210212021012102120102012101202102012102120121020120210201210212
-
010210120210201202101201021012021020102120210121020102120121020120210201210212
010210120210201202101201021012021020121021201210201202102010210120210201210212
010210120210201202101201021012021201020121021201021012102010210120210201210212
010210120210201202120102012102120102101202120102012102120121020120210201210212
-
010210120210201202101201021012021020102120210121020102120121020120210201210212
010210120210201202101201021012021020121021201210201202101201020120210201210212
010210120210201202120102012102120102101202120102012102120121020120210201210212
010210120210201210120212010210120210201021202102012102120121020120210201210212
-
010210120210201202101201021012021020102120210201210212010201210120210201210212
010210120210201202101201021012021020121012021201021012102010210120210201210212
010210120210201202101201021012021020121021201210201202102010210120210201210212
010210120210201202120121020120210120102101202102012102120121020120210201210212
-
010210120210201202101201021012021020102120210121020102120121020120210201210212
010210120210201202101201021012021020121021201210201202101201020120210201210212
010210120210201210120212010210120210201021202102012102120121020120210201210212
010210120210201210212021012102120102101202120102012102120121020120210201210212
-
010210120210201202101201021012021020121021201210201202101201020120210201210212
010210120210201202101201021202101210201021202102012102120121020120210201210212
010210120210201202120102012102120102101202120102012102120121020120210201210212
010210120210201210212021020120210120102101202102012102120121020120210201210212
-
010210120210201202101201021012021020121021201210201202101201020120210201210212
010210120210201202101201021012021201020121021201021012021201020120210201210212
010210120210201202101201021202101210201021202102012102120121020120210201210212
010210120210201202120121020120210120102101202102012102120121020120210201210212
-
010210120210201202101201021012021020102120210201210212010201210120210201210212
010210120210201202101201021012021020121021201210201202102010210120210201210212
010210120210201202101201021012021201020121021201021012102010210120210201210212
010210120210201202120121020120210120102101202102012102120121020120210201210212
-
010210120210201202101201021202101210201021202102012102120121020120210201210212
010210120210201202120121020120210120102101202102012102120121020120210201210212
010210120210201210120212010210120210201021202102012102120121020120210201210212
010210120210201210212021012102120102101202120102012102120121020120210201210212
-
010210120210201202101201021012021201020121021201021012021201020120210201210212
010210120210201210120212010210120210201021202102012102120121020120210201210212
010210120210201210212021012102120102101202120102012102120121020120210201210212
010210120210201210212021020120210120102101202102012102120121020120210201210212
-
010210120210201202101201021012021201020121021201021012021201020120210201210212
010210120210201202101201021202101210201021202102012102120121020120210201210212
010210120210201202120121020120210120102101202102012102120121020120210201210212
010210120210201210212021012102120102101202120102012102120121020120210201210212
-
010210120210201202101201021012021020121021201210201202102010210120210201210212
010210120210201202101201021012021201020121021201021012021201020120210201210212
010210120210201202120102012102120102101202120102012102120121020120210201210212
010210120210201202120121020120210120102101202102012102120121020120210201210212
-
010210120210201202101201021012021020102120210201210212010201210120210201210212
010210120210201202101201021012021020121021201210201202101201020120210201210212
010210120210201202101201021012021201020121021201021012021201020120210201210212
010210120210201202120102012102120102101202120102012102120121020120210201210212
-
010210120210201202101201021012021020102120210201210212010201210120210201210212
010210120210201202101201021202101210201021202102012102120121020120210201210212
010210120210201202120102012102120102101202120102012102120121020120210201210212
010210120210201202120121020120210120102101202102012102120121020120210201210212
-
010210120210201202101201021012021020102120210201210212010201210120210201210212
010210120210201202101201021012021020121012021201021012102010210120210201210212
010210120210201202101201021012021020121021201210201202101201020120210201210212
010210120210201202120102012102120102101202120102012102120121020120210201210212
-
010210120210201202101201021012021020102120210121020102120121020120210201210212
010210120210201202101201021012021020121021201210201202102010210120210201210212
010210120210201202101201021202101210201021202102012102120121020120210201210212
010210120210201202120102012102120102101202120102012102120121020120210201210212
-
010210120210201202101201021012021020121012021201021012102010210120210201210212
010210120210201202101201021012021020121021201210201202101201020120210201210212
010210120210201202120102012102120102101202120102012102120121020120210201210212
010210120210201202120121020120210120102101202102012102120121020120210201210212
-
010210120210201202101201021012021020121021201210201202101201020120210201210212
010210120210201202101201021012021201020121021201021012021201020120210201210212
010210120210201210120212010210120210201021202102012102120121020120210201210212
010210120210201210212021020120210120102101202102012102120121020120210201210212
-
010210120210201202101201021012021020102120210121020102120121020120210201210212
010210120210201202101201021012021020102120210201210212010201210120210201210212
010210120210201202101201021012021020121021201210201202101201020120210201210212
010210120210201202101201021012021201020121021201021012102010210120210201210212
-
010210120210201202101201021012021020102120210121020102120121020120210201210212
010210120210201202101201021202101210201021202102012102120121020120210201210212
010210120210201202120102012102120102101202120102012102120121020120210201210212
010210120210201210212021012102120102012101202102012102120121020120210201210212
-
010210120210201202101201021012021020102120210121020102120121020120210201210212
010210120210201202101201021012021020121021201210201202101201020120210201210212
010210120210201202101201021012021201020121021201021012021201020120210201210212
010210120210201202120102012102120102101202120102012102120121020120210201210212
-
010210120210201202101201021012021020121012021201021012102010210120210201210212
010210120210201202101201021012021201020121021201021012102010210120210201210212
010210120210201202101201021202101210201021202102012102120121020120210201210212
010210120210201202120102012102120102101202120102012102120121020120210201210212
-
010210120210201202101201021012021201020121021201021012021201020120210201210212
010210120210201202120121020120210120102101202102012102120121020120210201210212
010210120210201210120212010210120210201021202102012102120121020120210201210212
010210120210201210212021012102120102012101202102012102120121020120210201210212
-
010210120210201202101201021012021020121021201210201202101201020120210201210212
010210120210201202120102012102120102101202120102012102120121020120210201210212
010210120210201210212021012102120102012101202102012102120121020120210201210212
010210120210201210212021020120210120102101202102012102120121020120210201210212
-
010210120210201202101201021012021020102120210121020102120121020120210201210212
010210120210201202101201021012021201020121021201021012021201020120210201210212
010210120210201202120121020120210120102101202102012102120121020120210201210212
010210120210201210212021012102120102101202120102012102120121020120210201210212
-
010210120210201202101201021012021020102120210121020102120121020120210201210212
010210120210201202101201021012021020121012021201021012102010210120210201210212
010210120210201202101201021012021020121021201210201202101201020120210201210212
010210120210201202120121020120210120102101202102012102120121020120210201210212
-
010210120210201202101201021012021020102120210121020102120121020120210201210212
010210120210201202101201021012021020121021201210201202102010210120210201210212
010210120210201202120102012102120102101202120102012102120121020120210201210212
010210120210201202120121020120210120102101202102012102120121020120210201210212
-
010210120210201202101201021012021020121021201210201202101201020120210201210212
010210120210201202101201021012021201020121021201021012021201020120210201210212
010210120210201202120121020120210120102101202102012102120121020120210201210212
010210120210201210120212010210120210201021202102012102120121020120210201210212
-
010210120210201202101201021012021020102120210121020102120121020120210201210212
010210120210201202101201021012021020121021201210201202101201020120210201210212
010210120210201202101201021202101210201021202102012102120121020120210201210212
010210120210201210212021012102120102012101202102012102120121020120210201210212
-
010210120210201202101201021012021020121021201210201202101201020120210201210212
010210120210201202101201021202101210201021202102012102120121020120210201210212
010210120210201210212021012102120102101202120102012102120121020120210201210212
010210120210201210212021020120210120102101202102012102120121020120210201210212
-
010210120210201202101201021012021020121021201210201202101201020120210201210212
010210120210201202120102012102120102101202120102012102120121020120210201210212
010210120210201202120121020120210120102101202102012102120121020120210201210212
010210120210201210120212010210120210201021202102012102120121020120210201210212
-
010210120210201202101201021012021020102120210121020102120121020120210201210212
010210120210201202101201021012021020121021201210201202101201020120210201210212
010210120210201202101201021202101210201021202102012102120121020120210201210212
010210120210201202120102012102120102101202120102012102120121020120210201210212
-
010210120210201202101201021012021020102120210121020102120121020120210201210212
010210120210201202101201021012021201020121021201021012021201020120210201210212
010210120210201202101201021202101210201021202102012102120121020120210201210212
010210120210201210212021012102120102101202120102012102120121020120210201210212
-
010210120210201202101201021012021020102120210201210212010201210120210201210212
010210120210201202101201021012021201020121021201021012021201020120210201210212
010210120210201202101201021202101210201021202102012102120121020120210201210212
010210120210201202120121020120210120102101202102012102120121020120210201210212
-
010210120210201202101201021012021020102120210121020102120121020120210201210212
010210120210201202101201021012021020121021201210201202101201020120210201210212
010210120210201210212021012102120102012101202102012102120121020120210201210212
010210120210201210212021012102120102101202120102012102120121020120210201210212
-
010210120210201202101201021012021020121021201210201202101201020120210201210212
010210120210201202101201021012021201020121021201021012021201020120210201210212
010210120210201210212021012102120102101202120102012102120121020120210201210212
010210120210201210212021020120210120102101202102012102120121020120210201210212
-
010210120210201202101201021012021201020121021201021012021201020120210201210212
010210120210201202101201021202101210201021202102012102120121020120210201210212
010210120210201202120102012102120102101202120102012102120121020120210201210212
010210120210201210212021012102120102012101202102012102120121020120210201210212
-
010210120210201202101201021012021020102120210201210212010201210120210201210212
010210120210201202101201021012021020121021201210201202102010210120210201210212
010210120210201202120102012102120102101202120102012102120121020120210201210212
010210120210201202120121020120210120102101202102012102120121020120210201210212
-
010210120210201202101201021012021020102120210201210212010201210120210201210212
010210120210201202101201021012021201020121021201021012102010210120210201210212
010210120210201202101201021202101210201021202102012102120121020120210201210212
010210120210201202120102012102120102101202120102012102120121020120210201210212
-
