0102101202102012021012010210120210201021012010201210201021201020120210201210212
0102101202102012021012010210120210201021201210120212012102010210120210201210212
0102101202102012021012010210120210201021202102012101202120121020120210201210212
0102101202102012021012010201210212021012102120102012102120121020120210201210212
-
0102101202102012021012010210120210201021202102012101202120121020120210201210212
0102101202102012021012010210120210201210212010210120102120121020120210201210212
0102101202102012021201021012102120102012101202102012102120121020120210201210212
0102101202102012021201021202101202120121021202102012102120121020120210201210212
-
0102101202102012021012010210120210201021202102012101202120121020120210201210212
0102101202102012021012010201210120210201021202102012102120121020120210201210212
0102101202102012021012010201210212021012102120102012102120121020120210201210212
0102101202102012021012010212012102120102101202102012102120121020120210201210212
-
0102101202102012021012010210120210201021201210120212012102010210120210201210212
0102101202102012021012010210120210201210212010210120102120121020120210201210212
0102101202102012021012010201210120210201021202102012102120121020120210201210212
0102101202102012021201021012102120102012101202102012102120121020120210201210212
-
0102101202102012021012010210120210201210212010210120102120121020120210201210212
0102101202102012021012010201210120210201021202102012102120121020120210201210212
0102101202102012021201021012102120102012101202102012102120121020120210201210212
0102101202102012021201021202101202120121021202102012102120121020120210201210212
-
0102101202102012021012010210120210201021201210120212012102010210120210201210212
0102101202102012021012010201210120210201021202102012102120121020120210201210212
0102101202102012021012010212012102120102101202102012102120121020120210201210212
0102101202102012021201021202101202120121021202102012102120121020120210201210212
-
0102101202102012021012010210120210201210120212010210121021201020120210201210212
0102101202102012021012010210120210201210212010210120102120121020120210201210212
0102101202102012021012010201210120210201021202102012102120121020120210201210212
0102101202102012102120210120102012101201021202102012102120121020120210201210212
-
0102101202102012021012010210120210201210120212010210121021201020120210201210212
0102101202102012021012010210120212010210121020102101202120121020120210201210212
0102101202102012021012010201210120210201021202102012102120121020120210201210212
0102101202102012021012010201210212021012102120102012102120121020120210201210212
-
0102101202102012021012010210120210201021201210120212012102010210120210201210212
0102101202102012021012010210120210201021202102012101202120121020120210201210212
0102101202102012021012010210120210201210120212010210121021201020120210201210212
0102101202102012021012010212012102120102101202102012102120121020120210201210212
-
0102101202102012021012010210120210201021202102012101202120121020120210201210212
0102101202102012021012010210120210201210120212010210121021201020120210201210212
0102101202102012021012010210120212010210121020102101202120121020120210201210212
0102101202102012021201021012102120102012101202102012102120121020120210201210212
-
0102101202102012021012010210120210201021201210120212012102010210120210201210212
0102101202102012021012010210120210201021202102012101202120121020120210201210212
0102101202102012021012010212012102120102101202102012102120121020120210201210212
0102101202102012021201021012102120102012101202102012102120121020120210201210212
-
0102101202102012021012010210120210201021012010201210201021201020120210201210212
0102101202102012021012010212012102120102101202102012102120121020120210201210212
0102101202102012021201021202101202120121021202102012102120121020120210201210212
0102101202102012102120210120102012101201021202102012102120121020120210201210212
-
0102101202102012021012010210120210201021202102012101202120121020120210201210212
0102101202102012021012010210120210201210120212010210121021201020120210201210212
0102101202102012021012010201210120210201021202102012102120121020120210201210212
0102101202102012021012010212012102120102101202102012102120121020120210201210212
-
0102101202102012021012010210120210201210120212010210121021201020120210201210212
0102101202102012021012010201210120210201021202102012102120121020120210201210212
0102101202102012021201021012102120102012101202102012102120121020120210201210212
0102101202102012102120210120102012101201021202102012102120121020120210201210212
-
0102101202102012021012010210120210201021201210120212012102010210120210201210212
0102101202102012021012010210120210201210120212010210121021201020120210201210212
0102101202102012021012010210120210201210212010210120102120121020120210201210212
0102101202102012021201021202101202120121021202102012102120121020120210201210212
-
0102101202102012021012010210120210201021202102012101202120121020120210201210212
0102101202102012021012010210120210201210120212010210121021201020120210201210212
0102101202102012021012010210120210201210212010210120102120121020120210201210212
0102101202102012021012010201210212021012102120102012102120121020120210201210212
-
0102101202102012021012010210120210201021012010201210201021201020120210201210212
0102101202102012021012010210120210201210212010210120102120121020120210201210212
0102101202102012021012010201210120210201021202102012102120121020120210201210212
0102101202102012102120210120102012101201021202102012102120121020120210201210212
-
0102101202102012021012010210120210201021202102012101202120121020120210201210212
0102101202102012021012010210120212010210121020102101202120121020120210201210212
0102101202102012021201021012102120102012101202102012102120121020120210201210212
0102101202102012102120210120102012101201021202102012102120121020120210201210212
-
0102101202102012021012010210120210201021012010201210201021201020120210201210212
0102101202102012021012010210120210201021201210120212012102010210120210201210212
0102101202102012021012010210120210201021202102012101202120121020120210201210212
0102101202102012021012010210120210201210212010210120102120121020120210201210212
-
0102101202102012021012010210120210201021202102012101202120121020120210201210212
0102101202102012021012010210120210201210212010210120102120121020120210201210212
0102101202102012021012010201210120210201021202102012102120121020120210201210212
0102101202102012021201021202101202120121021202102012102120121020120210201210212
-
0102101202102012021012010210120210201021201210120212012102010210120210201210212
0102101202102012021012010210120210201021202102012101202120121020120210201210212
0102101202102012021012010210120210201210212010210120102120121020120210201210212
0102101202102012021012010201210120210201021202102012102120121020120210201210212
-
0102101202102012021012010210120210201210212010210120102120121020120210201210212
0102101202102012021012010201210212021012102120102012102120121020120210201210212
0102101202102012021201021202101202120121021202102012102120121020120210201210212
0102101202102012102120210120102012101201021202102012102120121020120210201210212
-
0102101202102012021012010210120210201021012010201210201021201020120210201210212
0102101202102012021012010210120212010210121020102101202120121020120210201210212
0102101202102012021012010201210212021012102120102012102120121020120210201210212
0102101202102012102120210120102012101201021202102012102120121020120210201210212
-
0102101202102012021012010210120210201021012010201210201021201020120210201210212
0102101202102012021012010201210120210201021202102012102120121020120210201210212
0102101202102012021201021012102120102012101202102012102120121020120210201210212
0102101202102012021201021202101202120121021202102012102120121020120210201210212
-
0102101202102012021012010210120210201021202102012101202120121020120210201210212
0102101202102012021012010210120210201210212010210120102120121020120210201210212
0102101202102012021012010201210120210201021202102012102120121020120210201210212
0102101202102012021012010201210212021012102120102012102120121020120210201210212
-
0102101202102012021012010210120210201210120212010210121021201020120210201210212
0102101202102012021012010210120210201210212010210120102120121020120210201210212
0102101202102012021012010201210120210201021202102012102120121020120210201210212
0102101202102012021012010212012102120102101202102012102120121020120210201210212
-
0102101202102012021012010210120210201021201210120212012102010210120210201210212
0102101202102012021012010210120210201021202102012101202120121020120210201210212
0102101202102012021012010210120210201210212010210120102120121020120210201210212
0102101202102012021201021202101202120121021202102012102120121020120210201210212
-
0102101202102012021012010210120210201210120212010210121021201020120210201210212
0102101202102012021012010210120210201210212010210120102120121020120210201210212
0102101202102012021201021012102120102012101202102012102120121020120210201210212
0102101202102012021201021202101202120121021202102012102120121020120210201210212
-
0102101202102012021012010210120210201021202102012101202120121020120210201210212
0102101202102012021012010210120210201210120212010210121021201020120210201210212
0102101202102012021012010212012102120102101202102012102120121020120210201210212
0102101202102012102120210120102012101201021202102012102120121020120210201210212
-
0102101202102012021012010210120210201021012010201210201021201020120210201210212
0102101202102012021012010210120210201021201210120212012102010210120210201210212
0102101202102012021012010212012102120102101202102012102120121020120210201210212
0102101202102012021201021202101202120121021202102012102120121020120210201210212
-
0102101202102012021012010210120210201021012010201210201021201020120210201210212
0102101202102012021012010201210120210201021202102012102120121020120210201210212
0102101202102012021012010201210212021012102120102012102120121020120210201210212
0102101202102012021201021012102120102012101202102012102120121020120210201210212
-
0102101202102012021012010210120210201210212010210120102120121020120210201210212
0102101202102012021012010201210120210201021202102012102120121020120210201210212
0102101202102012021012010201210212021012102120102012102120121020120210201210212
0102101202102012021201021012102120102012101202102012102120121020120210201210212
-
0102101202102012021012010210120210201021201210120212012102010210120210201210212
0102101202102012021012010210120212010210121020102101202120121020120210201210212
0102101202102012021012010201210212021012102120102012102120121020120210201210212
0102101202102012021012010212012102120102101202102012102120121020120210201210212
-
0102101202102012021012010210120210201021012010201210201021201020120210201210212
0102101202102012021012010210120210201210120212010210121021201020120210201210212
0102101202102012021012010201210120210201021202102012102120121020120210201210212
0102101202102012102120210120102012101201021202102012102120121020120210201210212
-
0102101202102012021012010210120210201021012010201210201021201020120210201210212
0102101202102012021012010210120210201210120212010210121021201020120210201210212
0102101202102012021012010210120210201210212010210120102120121020120210201210212
0102101202102012021201021012102120102012101202102012102120121020120210201210212
-
0102101202102012021012010210120210201021012010201210201021201020120210201210212
0102101202102012021012010201210120210201021202102012102120121020120210201210212
0102101202102012021201021202101202120121021202102012102120121020120210201210212
0102101202102012102120210120102012101201021202102012102120121020120210201210212
-
0102101202102012021012010210120210201021202102012101202120121020120210201210212
0102101202102012021012010210120210201210120212010210121021201020120210201210212
0102101202102012021012010210120210201210212010210120102120121020120210201210212
0102101202102012021201021012102120102012101202102012102120121020120210201210212
-
0102101202102012021012010210120210201021201210120212012102010210120210201210212
0102101202102012021012010210120212010210121020102101202120121020120210201210212
0102101202102012021012010201210120210201021202102012102120121020120210201210212
0102101202102012021201021012102120102012101202102012102120121020120210201210212
-
0102101202102012021012010210120210201021202102012101202120121020120210201210212
0102101202102012021012010210120210201210120212010210121021201020120210201210212
0102101202102012021201021012102120102012101202102012102120121020120210201210212
0102101202102012102120210120102012101201021202102012102120121020120210201210212
-
0102101202102012021012010201210120210201021202102012102120121020120210201210212
0102101202102012021012010212012102120102101202102012102120121020120210201210212
0102101202102012021201021012102120102012101202102012102120121020120210201210212
0102101202102012021201021202101202120121021202102012102120121020120210201210212
-
0102101202102012021012010210120210201210120212010210121021201020120210201210212
0102101202102012021012010210120212010210121020102101202120121020120210201210212
0102101202102012021012010201210212021012102120102012102120121020120210201210212
0102101202102012102120210120102012101201021202102012102120121020120210201210212
-
