01021012021020120210120102101202102010210120102012101202120121020120210201210212
01021012021020120210120102101202102010212021012102120102101201020120210201210212
01021012021020120210120102012101202120102101202102012102120121020120210201210212
01021012021020120212012102120102101210201021202102012102120121020120210201210212
-
01021012021020120210120102101202102010212021012102120102101201020120210201210212
01021012021020120210120102101202102012102120102012101202120121020120210201210212
01021012021020120212012102120102101210201021202102012102120121020120210201210212
01021012021020121021201210201202120102012101202102012102120121020120210201210212
-
01021012021020120210120102101202102012101202120102012021012010210120210201210212
01021012021020120210120102101202102012102120102012101202120121020120210201210212
01021012021020120210120102012101202120102101202102012102120121020120210201210212
01021012021020120212012102120102101210201021202102012102120121020120210201210212
-
01021012021020120210120102101202102010210120102012101202120121020120210201210212
01021012021020120210120102101202102010212021012102120102101201020120210201210212
01021012021020120210120102101202102012101202120102012021012010210120210201210212
01021012021020120210120102012101202120121021202102012102120121020120210201210212
-
01021012021020120210120102101202102010212021012102012021012010210120210201210212
01021012021020120210120102101202102012102120210121020102120121020120210201210212
01021012021020120210120102012101202120121021202102012102120121020120210201210212
01021012021020120210120102120210121020102101202102012102120121020120210201210212
-
01021012021020120210120102101202102010212021012102120102101201020120210201210212
01021012021020120210120102101202102012102120102012101202120121020120210201210212
01021012021020120210120102012101202120102101202102012102120121020120210201210212
01021012021020121021201210201202120102012101202102012102120121020120210201210212
-
01021012021020120210120102101202102010210120102012101202120121020120210201210212
01021012021020120210120102101202102010212021012102120102101201020120210201210212
01021012021020120210120102101202102012102120210121020102120121020120210201210212
01021012021020120210120102120210121020102101202102012102120121020120210201210212
-
01021012021020120210120102101202102010212021012102012021012010210120210201210212
01021012021020120210120102101202102012101202120102012021012010210120210201210212
01021012021020120210120102012101202120121021202102012102120121020120210201210212
01021012021020120212012102120102101210201021202102012102120121020120210201210212
-
01021012021020120210120102101202102010212021012102120102101201020120210201210212
01021012021020120210120102101202102012101202120102012021012010210120210201210212
01021012021020120210120102101202102012102120102012101202120121020120210201210212
01021012021020120210120102120210121020102101202102012102120121020120210201210212
-
01021012021020120210120102101202102010212021012102120102101201020120210201210212
01021012021020120210120102101202102012102120102012101202120121020120210201210212
01021012021020120210120102012101202120121021202102012102120121020120210201210212
01021012021020120210120102120210121020102101202102012102120121020120210201210212
-
01021012021020120210120102101202102010212021012102120102101201020120210201210212
01021012021020120210120102101202102012101202120102012021012010210120210201210212
01021012021020120210120102101202102012102120102012101202120121020120210201210212
01021012021020120212012102120102101210201021202102012102120121020120210201210212
-
01021012021020120210120102101202102012102120102012101202120121020120210201210212
01021012021020120210120102120210121020102101202102012102120121020120210201210212
01021012021020120212012102120102101210201021202102012102120121020120210201210212
01021012021020121021201210201202120102012101202102012102120121020120210201210212
-
01021012021020120210120102101202102010212021012102012021012010210120210201210212
01021012021020120210120102101202102010212021012102120102101201020120210201210212
01021012021020120210120102120210121020102101202102012102120121020120210201210212
01021012021020120212012102120102101210201021202102012102120121020120210201210212
-
01021012021020120210120102101202102010210120102012101202120121020120210201210212
01021012021020120210120102101202102010212021012102012021012010210120210201210212
01021012021020120210120102101202102012102120210121020102120121020120210201210212
01021012021020120212012102120102101210201021202102012102120121020120210201210212
-
01021012021020120210120102101202102010212021012102120102101201020120210201210212
01021012021020120210120102101202102012101202120102012021012010210120210201210212
01021012021020120210120102012101202120121021202102012102120121020120210201210212
01021012021020120210120102120210121020102101202102012102120121020120210201210212
-
01021012021020120210120102101202102010212021012102120102101201020120210201210212
01021012021020120210120102101202102012102120102012101202120121020120210201210212
01021012021020120210120102012101202120121021202102012102120121020120210201210212
01021012021020121021201210201202101210201021202102012102120121020120210201210212
-
01021012021020120210120102101202102010212021012102012021012010210120210201210212
01021012021020120210120102012101202120121021202102012102120121020120210201210212
01021012021020120210120102120210121020102101202102012102120121020120210201210212
01021012021020120212012102120102101210201021202102012102120121020120210201210212
-
01021012021020120210120102101202102010210120102012101202120121020120210201210212
01021012021020120210120102101202102012102120102012101202120121020120210201210212
01021012021020120210120102120210121020102101202102012102120121020120210201210212
01021012021020120212012102120102101210201021202102012102120121020120210201210212
-
01021012021020120210120102101202102012102120102012101202120121020120210201210212
01021012021020120210120102012101202120121021202102012102120121020120210201210212
01021012021020120210120102120210121020102101202102012102120121020120210201210212
01021012021020120212012102120102101210201021202102012102120121020120210201210212
-
01021012021020120210120102101202102012102120102012101202120121020120210201210212
01021012021020120210120102012101202120121021202102012102120121020120210201210212
01021012021020120212012102120102101210201021202102012102120121020120210201210212
01021012021020121021201210201202101210201021202102012102120121020120210201210212
-
01021012021020120210120102101202102010210120102012101202120121020120210201210212
01021012021020120210120102012101202120121021202102012102120121020120210201210212
01021012021020120210120102120210121020102101202102012102120121020120210201210212
01021012021020121021201210201202101210201021202102012102120121020120210201210212
-
01021012021020120210120102101202102010210120102012101202120121020120210201210212
01021012021020120210120102101202102012101202120102012021012010210120210201210212
01021012021020120210120102101202102012102120210121020102120121020120210201210212
01021012021020120210120102012101202120121021202102012102120121020120210201210212
-
01021012021020120210120102101202102010212021012102012021012010210120210201210212
01021012021020120210120102101202102010212021012102120102101201020120210201210212
01021012021020120210120102101202102012102120210121020102120121020120210201210212
01021012021020120210120102012101202120121021202102012102120121020120210201210212
-
01021012021020120210120102101202102010210120102012101202120121020120210201210212
01021012021020120210120102101202102012102120102012101202120121020120210201210212
01021012021020121021201210201202101210201021202102012102120121020120210201210212
01021012021020121021201210201202120102012101202102012102120121020120210201210212
-
01021012021020120210120102101202102010212021012102120102101201020120210201210212
01021012021020120210120102120210121020102101202102012102120121020120210201210212
01021012021020120212012102120102101210201021202102012102120121020120210201210212
01021012021020121021201210201202120102012101202102012102120121020120210201210212
-
01021012021020120210120102101202102012102120210121020102120121020120210201210212
01021012021020120210120102012101202120121021202102012102120121020120210201210212
01021012021020120210120102120210121020102101202102012102120121020120210201210212
01021012021020121021201210201202101210201021202102012102120121020120210201210212
-
01021012021020120210120102101202102010212021012102120102101201020120210201210212
01021012021020120210120102101202102012102120102012101202120121020120210201210212
01021012021020120210120102120210121020102101202102012102120121020120210201210212
01021012021020121021201210201202120102012101202102012102120121020120210201210212
-
01021012021020120210120102101202102012101202120102012021012010210120210201210212
01021012021020120210120102101202102012102120102012101202120121020120210201210212
01021012021020120210120102120210121020102101202102012102120121020120210201210212
01021012021020120212012102120102101210201021202102012102120121020120210201210212
-
01021012021020120210120102101202102010210120102012101202120121020120210201210212
01021012021020120210120102012101202120121021202102012102120121020120210201210212
01021012021020120212012102120102101210201021202102012102120121020120210201210212
01021012021020121021201210201202101210201021202102012102120121020120210201210212
-
01021012021020120210120102101202102010210120102012101202120121020120210201210212
01021012021020120210120102101202102010212021012102012021012010210120210201210212
01021012021020120210120102101202102010212021012102120102101201020120210201210212
01021012021020120210120102101202102012102120210121020102120121020120210201210212
-
01021012021020120210120102101202102010210120102012101202120121020120210201210212
01021012021020120210120102101202102012102120102012101202120121020120210201210212
01021012021020120210120102012101202120121021202102012102120121020120210201210212
01021012021020120210120102120210121020102101202102012102120121020120210201210212
-
01021012021020120210120102101202102012101202120102012021012010210120210201210212
01021012021020120210120102101202102012102120102012101202120121020120210201210212
01021012021020120210120102012101202120121021202102012102120121020120210201210212
01021012021020120212012102120102101210201021202102012102120121020120210201210212
-
01021012021020120210120102101202102010212021012102120102101201020120210201210212
01021012021020120210120102101202102012102120102012101202120121020120210201210212
01021012021020120210120102012101202120102101202102012102120121020120210201210212
01021012021020120210120102012101202120121021202102012102120121020120210201210212
-
01021012021020120210120102101202102010212021012102012021012010210120210201210212
01021012021020120210120102101202102012101202120102012021012010210120210201210212
01021012021020120210120102012101202120102101202102012102120121020120210201210212
01021012021020120212012102120102101210201021202102012102120121020120210201210212
-
01021012021020120210120102101202102010210120102012101202120121020120210201210212
01021012021020120210120102101202102012102120102012101202120121020120210201210212
01021012021020120212012102120102101210201021202102012102120121020120210201210212
01021012021020121021201210201202101210201021202102012102120121020120210201210212
-
01021012021020120210120102101202102010210120102012101202120121020120210201210212
01021012021020120210120102101202102010212021012102120102101201020120210201210212
01021012021020120212012102120102101210201021202102012102120121020120210201210212
01021012021020121021201210201202120102012101202102012102120121020120210201210212
-
01021012021020120210120102101202102010212021012102120102101201020120210201210212
01021012021020120210120102101202102012101202120102012021012010210120210201210212
01021012021020120210120102101202102012102120102012101202120121020120210201210212
01021012021020120210120102012101202120121021202102012102120121020120210201210212
-
01021012021020120210120102101202102012102120210121020102120121020120210201210212
01021012021020120210120102012101202120102101202102012102120121020120210201210212
01021012021020120212012102120102101210201021202102012102120121020120210201210212
01021012021020121021201210201202120102012101202102012102120121020120210201210212
-
01021012021020120210120102101202102010210120102012101202120121020120210201210212
01021012021020120210120102101202102012102120210121020102120121020120210201210212
01021012021020120210120102012101202120102101202102012102120121020120210201210212
01021012021020120210120102012101202120121021202102012102120121020120210201210212
-
01021012021020120210120102101202102012102120102012101202120121020120210201210212
01021012021020120210120102012101202120102101202102012102120121020120210201210212
01021012021020120212012102120102101210201021202102012102120121020120210201210212
01021012021020121021201210201202120102012101202102012102120121020120210201210212
-
01021012021020120210120102101202102010210120102012101202120121020120210201210212
01021012021020120210120102012101202120121021202102012102120121020120210201210212
01021012021020120210120102120210121020102101202102012102120121020120210201210212
01021012021020120212012102120102101210201021202102012102120121020120210201210212
-
